Episodio,Puntaje
1,[1106.]
2,[178.]
3,[247.]
4,[149.]
5,[1106.]
6,[190.]
7,[313.]
8,[1106.]
9,[974.]
10,[187.]
11,[1106.]
12,[1106.]
13,[364.]
14,[1106.]
15,[280.]
16,[507.]
17,[1106.]
18,[763.]
19,[375.]
20,[1106.]
21,[395.]
22,[225.]
23,[481.]
24,[222.]
25,[228.]
26,[256.]
27,[1106.]
28,[124.]
29,[574.]
30,[1106.]
31,[1106.]
32,[241.]
33,[1106.]
34,[1106.]
35,[245.]
36,[121.]
37,[1106.]
38,[1106.]
39,[1106.]
40,[1106.]
41,[1106.]
42,[310.]
43,[1106.]
44,[1106.]
45,[387.]
46,[789.]
47,[725.]
48,[1106.]
49,[397.]
50,[264.]
51,[1106.]
52,[1106.]
53,[294.]
54,[182.]
55,[190.]
56,[1106.]
57,[151.]
58,[110.]
59,[206.]
60,[1106.]
61,[262.]
62,[1106.]
63,[599.]
64,[1106.]
65,[1106.]
66,[170.]
67,[1106.]
68,[778.]
69,[281.]
70,[1106.]
71,[542.]
72,[370.]
73,[481.]
74,[522.]
75,[130.]
76,[1106.]
77,[98.]
78,[1106.]
79,[1106.]
80,[1106.]
81,[501.]
82,[107.]
83,[1106.]
84,[1106.]
85,[477.]
86,[1106.]
87,[1106.]
88,[1106.]
89,[1106.]
90,[188.]
91,[1106.]
92,[1106.]
93,[439.]
94,[1106.]
95,[1106.]
96,[449.]
97,[172.]
98,[220.]
99,[1106.]
100,[1106.]
101,[115.]
102,[1106.]
103,[115.]
104,[1106.]
105,[1106.]
106,[1106.]
107,[1106.]
108,[1106.]
109,[1106.]
110,[146.]
111,[280.]
112,[1106.]
113,[361.]
114,[260.]
115,[1106.]
116,[1106.]
117,[1106.]
118,[310.]
119,[1106.]
120,[294.]
121,[148.]
122,[1106.]
123,[1106.]
124,[306.]
125,[1106.]
126,[1106.]
127,[1106.]
128,[198.]
129,[1106.]
130,[148.]
131,[124.]
132,[372.]
133,[496.]
134,[109.]
135,[133.]
136,[133.]
137,[1106.]
138,[1106.]
139,[811.]
140,[444.]
141,[1106.]
142,[1106.]
143,[277.]
144,[1106.]
145,[1106.]
146,[465.]
147,[1106.]
148,[131.]
149,[1106.]
150,[1106.]
151,[1106.]
152,[316.]
153,[495.]
154,[1106.]
155,[311.]
156,[360.]
157,[1106.]
158,[1106.]
159,[136.]
160,[1106.]
161,[1106.]
162,[1106.]
163,[1106.]
164,[90.]
165,[1106.]
166,[1106.]
167,[172.]
168,[1106.]
169,[1106.]
170,[1106.]
171,[1106.]
172,[257.]
173,[465.]
174,[383.]
175,[1106.]
176,[257.]
177,[379.]
178,[226.]
179,[437.]
180,[1106.]
181,[301.]
182,[1106.]
183,[507.]
184,[1106.]
185,[271.]
186,[1106.]
187,[148.]
188,[661.]
189,[1106.]
190,[346.]
191,[1106.]
192,[206.]
193,[1106.]
194,[151.]
195,[295.]
196,[201.]
197,[1106.]
198,[1106.]
199,[122.]
200,[330.]
201,[1106.]
202,[1106.]
203,[1106.]
204,[472.]
205,[533.]
206,[1106.]
207,[1106.]
208,[365.]
209,[1106.]
210,[509.]
211,[124.]
212,[1106.]
213,[1106.]
214,[224.]
215,[263.]
216,[1106.]
217,[127.]
218,[95.]
219,[499.]
220,[1106.]
221,[1106.]
222,[1106.]
223,[214.]
224,[1106.]
225,[1106.]
226,[169.]
227,[1106.]
228,[1106.]
229,[440.]
230,[1106.]
231,[1106.]
232,[1106.]
233,[1106.]
234,[162.]
235,[1106.]
236,[269.]
237,[178.]
238,[175.]
239,[150.]
240,[1106.]
241,[193.]
242,[386.]
243,[438.]
244,[437.]
245,[128.]
246,[1106.]
247,[1106.]
248,[452.]
249,[507.]
250,[1106.]
251,[606.]
252,[1106.]
253,[201.]
254,[347.]
255,[1106.]
256,[388.]
257,[1106.]
258,[734.]
259,[1106.]
260,[1106.]
261,[1106.]
262,[383.]
263,[185.]
264,[136.]
265,[234.]
266,[213.]
267,[362.]
268,[194.]
269,[1106.]
270,[1106.]
271,[518.]
272,[1106.]
273,[369.]
274,[166.]
275,[1106.]
276,[1106.]
277,[350.]
278,[1106.]
279,[110.]
280,[1106.]
281,[1106.]
282,[431.]
283,[536.]
284,[1106.]
285,[1106.]
286,[221.]
287,[1106.]
288,[1106.]
289,[1106.]
290,[1106.]
291,[1106.]
292,[209.]
293,[335.]
294,[244.]
295,[1106.]
296,[1106.]
297,[196.]
298,[419.]
299,[1106.]
300,[547.]
301,[1106.]
302,[333.]
303,[1106.]
304,[1106.]
305,[1106.]
306,[1106.]
307,[600.]
308,[293.]
309,[1106.]
310,[220.]
311,[274.]
312,[1106.]
313,[1106.]
314,[251.]
315,[281.]
316,[1106.]
317,[296.]
318,[228.]
319,[581.]
320,[127.]
321,[1106.]
322,[683.]
323,[649.]
324,[385.]
325,[199.]
326,[284.]
327,[398.]
328,[106.]
329,[1106.]
330,[288.]
331,[478.]
332,[1106.]
333,[1106.]
334,[1106.]
335,[285.]
336,[1106.]
337,[1106.]
338,[449.]
339,[137.]
340,[1106.]
341,[1106.]
342,[1106.]
343,[447.]
344,[1106.]
345,[1106.]
346,[535.]
347,[1106.]
348,[146.]
349,[1106.]
350,[1106.]
351,[1106.]
352,[1106.]
353,[1106.]
354,[1106.]
355,[1106.]
356,[1106.]
357,[166.]
358,[371.]
359,[456.]
360,[317.]
361,[373.]
362,[217.]
363,[1106.]
364,[1106.]
365,[332.]
366,[273.]
367,[1106.]
368,[1106.]
369,[305.]
370,[1106.]
371,[1106.]
372,[1106.]
373,[271.]
374,[374.]
375,[98.]
376,[589.]
377,[386.]
378,[344.]
379,[1106.]
380,[211.]
381,[613.]
382,[241.]
383,[136.]
384,[123.]
385,[1106.]
386,[400.]
387,[151.]
388,[178.]
389,[1106.]
390,[1106.]
391,[322.]
392,[146.]
393,[122.]
394,[1106.]
395,[109.]
396,[1106.]
397,[463.]
398,[811.]
399,[1106.]
400,[306.]
401,[1106.]
402,[462.]
403,[1106.]
404,[537.]
405,[1106.]
406,[1106.]
407,[1106.]
408,[379.]
409,[1106.]
410,[1106.]
411,[724.]
412,[439.]
413,[1106.]
414,[1106.]
415,[1106.]
416,[1106.]
417,[209.]
418,[336.]
419,[263.]
420,[424.]
421,[1106.]
422,[342.]
423,[355.]
424,[268.]
425,[1106.]
426,[301.]
427,[198.]
428,[1106.]
429,[1106.]
430,[110.]
431,[1106.]
432,[118.]
433,[1106.]
434,[1106.]
435,[99.]
436,[362.]
437,[270.]
438,[171.]
439,[179.]
440,[1106.]
441,[880.]
442,[1106.]
443,[482.]
444,[1106.]
445,[1106.]
446,[1106.]
447,[126.]
448,[1106.]
449,[1106.]
450,[391.]
451,[121.]
452,[1106.]
453,[1106.]
454,[167.]
455,[1106.]
456,[434.]
457,[1106.]
458,[1106.]
459,[394.]
460,[1106.]
461,[312.]
462,[1106.]
463,[1106.]
464,[1106.]
465,[1106.]
466,[1106.]
467,[437.]
468,[1106.]
469,[103.]
470,[1106.]
471,[1106.]
472,[1106.]
473,[1106.]
474,[331.]
475,[650.]
476,[1106.]
477,[124.]
478,[1106.]
479,[1106.]
480,[524.]
481,[1106.]
482,[103.]
483,[98.]
484,[1106.]
485,[438.]
486,[1106.]
487,[582.]
488,[100.]
489,[162.]
490,[501.]
491,[1106.]
492,[1106.]
493,[1106.]
494,[1106.]
495,[1106.]
496,[1106.]
497,[1106.]
498,[1106.]
499,[220.]
500,[280.]
501,[1106.]
502,[1106.]
503,[194.]
504,[1106.]
505,[236.]
506,[1106.]
507,[1106.]
508,[1106.]
509,[500.]
510,[161.]
511,[1106.]
512,[340.]
513,[208.]
514,[247.]
515,[145.]
516,[112.]
517,[1106.]
518,[1106.]
519,[293.]
520,[263.]
521,[888.]
522,[134.]
523,[1106.]
524,[1106.]
525,[1106.]
526,[208.]
527,[1106.]
528,[1106.]
529,[1106.]
530,[338.]
531,[189.]
532,[1106.]
533,[226.]
534,[1106.]
535,[1106.]
536,[134.]
537,[361.]
538,[819.]
539,[1106.]
540,[1106.]
541,[1106.]
542,[316.]
543,[1106.]
544,[218.]
545,[1106.]
546,[1106.]
547,[446.]
548,[436.]
549,[407.]
550,[302.]
551,[1106.]
552,[142.]
553,[1106.]
554,[1106.]
555,[487.]
556,[1106.]
557,[157.]
558,[131.]
559,[536.]
560,[1106.]
561,[522.]
562,[382.]
563,[1106.]
564,[66.]
565,[679.]
566,[527.]
567,[373.]
568,[1106.]
569,[158.]
570,[1106.]
571,[1106.]
572,[1106.]
573,[517.]
574,[112.]
575,[1106.]
576,[140.]
577,[1106.]
578,[1106.]
579,[290.]
580,[1106.]
581,[1106.]
582,[160.]
583,[1106.]
584,[1106.]
585,[1106.]
586,[325.]
587,[1106.]
588,[614.]
589,[110.]
590,[1106.]
591,[1106.]
592,[1106.]
593,[1106.]
594,[1106.]
595,[1106.]
596,[1106.]
597,[482.]
598,[664.]
599,[383.]
600,[1106.]
601,[1106.]
602,[387.]
603,[500.]
604,[259.]
605,[1106.]
606,[414.]
607,[310.]
608,[112.]
609,[194.]
610,[1106.]
611,[267.]
612,[1106.]
613,[578.]
614,[1106.]
615,[343.]
616,[1106.]
617,[180.]
618,[1106.]
619,[340.]
620,[1106.]
621,[1106.]
622,[324.]
623,[1106.]
624,[643.]
625,[1106.]
626,[1106.]
627,[204.]
628,[110.]
629,[1106.]
630,[1106.]
631,[1106.]
632,[1106.]
633,[641.]
634,[215.]
635,[355.]
636,[312.]
637,[195.]
638,[208.]
639,[539.]
640,[1106.]
641,[337.]
642,[205.]
643,[202.]
644,[445.]
645,[1106.]
646,[1106.]
647,[355.]
648,[1106.]
649,[1106.]
650,[1106.]
651,[462.]
652,[1106.]
653,[103.]
654,[410.]
655,[254.]
656,[148.]
657,[1106.]
658,[1106.]
659,[1106.]
660,[1106.]
661,[175.]
662,[180.]
663,[1106.]
664,[235.]
665,[98.]
666,[1106.]
667,[1106.]
668,[1106.]
669,[689.]
670,[263.]
671,[388.]
672,[165.]
673,[159.]
674,[146.]
675,[1106.]
676,[1106.]
677,[210.]
678,[1106.]
679,[1106.]
680,[463.]
681,[188.]
682,[1106.]
683,[155.]
684,[134.]
685,[1106.]
686,[1106.]
687,[350.]
688,[1106.]
689,[1106.]
690,[1106.]
691,[214.]
692,[577.]
693,[1106.]
694,[420.]
695,[1106.]
696,[249.]
697,[1106.]
698,[1106.]
699,[120.]
700,[1106.]
701,[1106.]
702,[427.]
703,[1106.]
704,[259.]
705,[124.]
706,[1106.]
707,[1106.]
708,[1106.]
709,[168.]
710,[1106.]
711,[203.]
712,[1106.]
713,[1106.]
714,[133.]
715,[1106.]
716,[696.]
717,[443.]
718,[1106.]
719,[501.]
720,[1106.]
721,[1106.]
722,[1106.]
723,[1106.]
724,[1106.]
725,[134.]
726,[1106.]
727,[1106.]
728,[443.]
729,[1106.]
730,[122.]
731,[1106.]
732,[460.]
733,[281.]
734,[143.]
735,[1106.]
736,[208.]
737,[318.]
738,[1106.]
739,[303.]
740,[1106.]
741,[134.]
742,[1106.]
743,[134.]
744,[348.]
745,[437.]
746,[254.]
747,[158.]
748,[1106.]
749,[112.]
750,[177.]
751,[110.]
752,[175.]
753,[1106.]
754,[1106.]
755,[539.]
756,[253.]
757,[1106.]
758,[1106.]
759,[583.]
760,[1106.]
761,[441.]
762,[1106.]
763,[316.]
764,[1106.]
765,[1106.]
766,[239.]
767,[103.]
768,[1106.]
769,[1106.]
770,[404.]
771,[562.]
772,[467.]
773,[1106.]
774,[110.]
775,[1106.]
776,[1106.]
777,[351.]
778,[1106.]
779,[384.]
780,[464.]
781,[1106.]
782,[569.]
783,[1106.]
784,[401.]
785,[1106.]
786,[1106.]
787,[1106.]
788,[1106.]
789,[182.]
790,[139.]
791,[1106.]
792,[1106.]
793,[1106.]
794,[1106.]
795,[264.]
796,[1106.]
797,[1106.]
798,[1106.]
799,[369.]
800,[1106.]
801,[1106.]
802,[1106.]
803,[694.]
804,[333.]
805,[244.]
806,[1106.]
807,[217.]
808,[175.]
809,[1106.]
810,[1106.]
811,[1106.]
812,[1106.]
813,[340.]
814,[1106.]
815,[1106.]
816,[198.]
817,[206.]
818,[1106.]
819,[1106.]
820,[1106.]
821,[120.]
822,[280.]
823,[372.]
824,[1106.]
825,[1106.]
826,[1106.]
827,[471.]
828,[1106.]
829,[1106.]
830,[1106.]
831,[300.]
832,[1106.]
833,[1106.]
834,[1106.]
835,[1106.]
836,[127.]
837,[1106.]
838,[119.]
839,[1106.]
840,[494.]
841,[1106.]
842,[270.]
843,[1106.]
844,[500.]
845,[236.]
846,[1106.]
847,[1106.]
848,[1106.]
849,[111.]
850,[1106.]
851,[1106.]
852,[375.]
853,[1106.]
854,[240.]
855,[437.]
856,[1106.]
857,[1106.]
858,[163.]
859,[1106.]
860,[188.]
861,[1106.]
862,[1106.]
863,[1106.]
864,[296.]
865,[1106.]
866,[1106.]
867,[460.]
868,[1106.]
869,[1106.]
870,[311.]
871,[1106.]
872,[280.]
873,[1106.]
874,[1106.]
875,[394.]
876,[113.]
877,[162.]
878,[1106.]
879,[1106.]
880,[1106.]
881,[1106.]
882,[1106.]
883,[165.]
884,[1106.]
885,[1106.]
886,[1106.]
887,[185.]
888,[248.]
889,[318.]
890,[249.]
891,[100.]
892,[450.]
893,[1106.]
894,[1106.]
895,[371.]
896,[336.]
897,[1106.]
898,[1106.]
899,[515.]
900,[154.]
901,[436.]
902,[1106.]
903,[1106.]
904,[1106.]
905,[1106.]
906,[1106.]
907,[314.]
908,[1106.]
909,[1106.]
910,[469.]
911,[1106.]
912,[1106.]
913,[1106.]
914,[141.]
915,[793.]
916,[110.]
917,[276.]
918,[1106.]
919,[1106.]
920,[1106.]
921,[818.]
922,[317.]
923,[1106.]
924,[303.]
925,[1106.]
926,[350.]
927,[314.]
928,[241.]
929,[1106.]
930,[100.]
931,[1106.]
932,[345.]
933,[301.]
934,[1106.]
935,[1106.]
936,[1106.]
937,[474.]
938,[261.]
939,[1106.]
940,[1106.]
941,[1106.]
942,[1106.]
943,[110.]
944,[335.]
945,[1106.]
946,[1106.]
947,[1106.]
948,[1106.]
949,[566.]
950,[581.]
951,[1106.]
952,[248.]
953,[1106.]
954,[487.]
955,[1106.]
956,[1106.]
957,[98.]
958,[1106.]
959,[1106.]
960,[228.]
961,[98.]
962,[1106.]
963,[1106.]
964,[1106.]
965,[199.]
966,[1106.]
967,[303.]
968,[360.]
969,[460.]
970,[190.]
971,[1106.]
972,[1106.]
973,[1106.]
974,[139.]
975,[1106.]
976,[1106.]
977,[241.]
978,[1106.]
979,[1106.]
980,[340.]
981,[194.]
982,[1106.]
983,[1106.]
984,[1106.]
985,[183.]
986,[1106.]
987,[1106.]
988,[355.]
989,[1106.]
990,[316.]
991,[1106.]
992,[1106.]
993,[1106.]
994,[647.]
995,[1106.]
996,[1106.]
997,[139.]
998,[1106.]
999,[354.]
1000,[284.]
1001,[577.]
1002,[305.]
1003,[146.]
1004,[184.]
1005,[265.]
1006,[1106.]
1007,[382.]
1008,[1106.]
1009,[697.]
1010,[1106.]
1011,[1106.]
1012,[1106.]
1013,[352.]
1014,[1106.]
1015,[257.]
1016,[1106.]
1017,[1106.]
1018,[647.]
1019,[360.]
1020,[511.]
1021,[282.]
1022,[672.]
1023,[1106.]
1024,[1106.]
1025,[1106.]
1026,[1106.]
1027,[1106.]
1028,[346.]
1029,[162.]
1030,[414.]
1031,[1106.]
1032,[1106.]
1033,[259.]
1034,[1106.]
1035,[1106.]
1036,[1106.]
1037,[1106.]
1038,[1106.]
1039,[94.]
1040,[1106.]
1041,[724.]
1042,[1106.]
1043,[1106.]
1044,[390.]
1045,[78.]
1046,[307.]
1047,[1106.]
1048,[1106.]
1049,[1106.]
1050,[1106.]
1051,[318.]
1052,[1106.]
1053,[1106.]
1054,[332.]
1055,[1106.]
1056,[1106.]
1057,[180.]
1058,[350.]
1059,[1106.]
1060,[1106.]
1061,[548.]
1062,[110.]
1063,[1106.]
1064,[1106.]
1065,[1106.]
1066,[1106.]
1067,[1106.]
1068,[1106.]
1069,[1106.]
1070,[392.]
1071,[752.]
1072,[153.]
1073,[200.]
1074,[1106.]
1075,[541.]
1076,[321.]
1077,[438.]
1078,[122.]
1079,[1106.]
1080,[1106.]
1081,[185.]
1082,[1106.]
1083,[1106.]
1084,[1106.]
1085,[1106.]
1086,[295.]
1087,[291.]
1088,[460.]
1089,[391.]
1090,[1106.]
1091,[189.]
1092,[336.]
1093,[448.]
1094,[139.]
1095,[1106.]
1096,[146.]
1097,[699.]
1098,[163.]
1099,[191.]
1100,[1106.]
1101,[522.]
1102,[1106.]
1103,[251.]
1104,[243.]
1105,[103.]
1106,[1106.]
1107,[1155.]
1108,[1106.]
1109,[1106.]
1110,[1106.]
1111,[267.]
1112,[1052.]
1113,[256.]
1114,[266.]
1115,[1106.]
1116,[231.]
1117,[158.]
1118,[1106.]
1119,[434.]
1120,[116.]
1121,[1106.]
1122,[1106.]
1123,[1106.]
1124,[1106.]
1125,[1106.]
1126,[444.]
1127,[187.]
1128,[1106.]
1129,[134.]
1130,[411.]
1131,[156.]
1132,[1106.]
1133,[175.]
1134,[1106.]
1135,[194.]
1136,[163.]
1137,[1106.]
1138,[1106.]
1139,[1106.]
1140,[178.]
1141,[602.]
1142,[1106.]
1143,[1106.]
1144,[209.]
1145,[1106.]
1146,[75.]
1147,[1106.]
1148,[1106.]
1149,[1106.]
1150,[1106.]
1151,[1106.]
1152,[621.]
1153,[587.]
1154,[1106.]
1155,[1106.]
1156,[296.]
1157,[1106.]
1158,[1106.]
1159,[1106.]
1160,[273.]
1161,[678.]
1162,[1106.]
1163,[551.]
1164,[1106.]
1165,[245.]
1166,[1106.]
1167,[1106.]
1168,[652.]
1169,[300.]
1170,[1106.]
1171,[334.]
1172,[1106.]
1173,[529.]
1174,[1106.]
1175,[497.]
1176,[368.]
1177,[1106.]
1178,[1106.]
1179,[323.]
1180,[1106.]
1181,[581.]
1182,[1106.]
1183,[1106.]
1184,[1106.]
1185,[1106.]
1186,[156.]
1187,[1106.]
1188,[226.]
1189,[370.]
1190,[290.]
1191,[1106.]
1192,[1106.]
1193,[470.]
1194,[1106.]
1195,[193.]
1196,[1106.]
1197,[1106.]
1198,[1106.]
1199,[1106.]
1200,[1106.]
1201,[365.]
1202,[1106.]
1203,[151.]
1204,[478.]
1205,[143.]
1206,[308.]
1207,[342.]
1208,[300.]
1209,[1106.]
1210,[1106.]
1211,[603.]
1212,[1106.]
1213,[587.]
1214,[1106.]
1215,[533.]
1216,[459.]
1217,[314.]
1218,[1106.]
1219,[1106.]
1220,[1106.]
1221,[181.]
1222,[1106.]
1223,[336.]
1224,[1106.]
1225,[1106.]
1226,[1106.]
1227,[1106.]
1228,[223.]
1229,[1106.]
1230,[1106.]
1231,[1106.]
1232,[192.]
1233,[186.]
1234,[1106.]
1235,[1106.]
1236,[241.]
1237,[1106.]
1238,[1106.]
1239,[1106.]
1240,[1106.]
1241,[1106.]
1242,[345.]
1243,[470.]
1244,[118.]
1245,[1106.]
1246,[556.]
1247,[394.]
1248,[1106.]
1249,[1106.]
1250,[1106.]
1251,[211.]
1252,[1106.]
1253,[501.]
1254,[565.]
1255,[609.]
1256,[1106.]
1257,[1106.]
1258,[1106.]
1259,[1106.]
1260,[1106.]
1261,[1106.]
1262,[1106.]
1263,[1106.]
1264,[118.]
1265,[415.]
1266,[218.]
1267,[1106.]
1268,[1106.]
1269,[572.]
1270,[175.]
1271,[312.]
1272,[114.]
1273,[273.]
1274,[1106.]
1275,[1106.]
1276,[592.]
1277,[112.]
1278,[122.]
1279,[181.]
1280,[325.]
1281,[1106.]
1282,[1106.]
1283,[76.]
1284,[1106.]
1285,[459.]
1286,[363.]
1287,[576.]
1288,[514.]
1289,[1106.]
1290,[1106.]
1291,[507.]
1292,[390.]
1293,[642.]
1294,[160.]
1295,[310.]
1296,[1106.]
1297,[231.]
1298,[1106.]
1299,[1106.]
1300,[439.]
1301,[543.]
1302,[343.]
1303,[1106.]
1304,[331.]
1305,[207.]
1306,[1106.]
1307,[1106.]
1308,[1106.]
1309,[1106.]
1310,[499.]
1311,[369.]
1312,[321.]
1313,[1106.]
1314,[112.]
1315,[279.]
1316,[1106.]
1317,[1106.]
1318,[305.]
1319,[1106.]
1320,[1106.]
1321,[1106.]
1322,[98.]
1323,[445.]
1324,[1106.]
1325,[1106.]
1326,[140.]
1327,[1106.]
1328,[1106.]
1329,[364.]
1330,[417.]
1331,[102.]
1332,[115.]
1333,[157.]
1334,[1106.]
1335,[230.]
1336,[1106.]
1337,[1106.]
1338,[1106.]
1339,[1106.]
1340,[1106.]
1341,[349.]
1342,[287.]
1343,[451.]
1344,[1106.]
1345,[122.]
1346,[266.]
1347,[1106.]
1348,[156.]
1349,[1106.]
1350,[510.]
1351,[242.]
1352,[1106.]
1353,[1106.]
1354,[1106.]
1355,[1106.]
1356,[1106.]
1357,[1106.]
1358,[1106.]
1359,[1106.]
1360,[176.]
1361,[335.]
1362,[1106.]
1363,[776.]
1364,[1106.]
1365,[1106.]
1366,[483.]
1367,[490.]
1368,[1106.]
1369,[100.]
1370,[1106.]
1371,[1106.]
1372,[159.]
1373,[1106.]
1374,[394.]
1375,[190.]
1376,[1106.]
1377,[382.]
1378,[1106.]
1379,[1106.]
1380,[359.]
1381,[1106.]
1382,[255.]
1383,[212.]
1384,[196.]
1385,[483.]
1386,[314.]
1387,[490.]
1388,[291.]
1389,[87.]
1390,[1106.]
1391,[316.]
1392,[111.]
1393,[1106.]
1394,[168.]
1395,[310.]
1396,[432.]
1397,[352.]
1398,[1106.]
1399,[1106.]
1400,[538.]
1401,[1106.]
1402,[1106.]
1403,[376.]
1404,[1106.]
1405,[318.]
1406,[136.]
1407,[134.]
1408,[1106.]
1409,[1106.]
1410,[484.]
1411,[1106.]
1412,[384.]
1413,[422.]
1414,[122.]
1415,[1106.]
1416,[176.]
1417,[1106.]
1418,[1106.]
1419,[1106.]
1420,[1106.]
1421,[1106.]
1422,[1106.]
1423,[1106.]
1424,[1106.]
1425,[262.]
1426,[1106.]
1427,[788.]
1428,[169.]
1429,[294.]
1430,[247.]
1431,[1106.]
1432,[433.]
1433,[1106.]
1434,[282.]
1435,[1106.]
1436,[151.]
1437,[1106.]
1438,[1106.]
1439,[804.]
1440,[1106.]
1441,[1106.]
1442,[1106.]
1443,[1106.]
1444,[1106.]
1445,[116.]
1446,[1106.]
1447,[1106.]
1448,[1106.]
1449,[1106.]
1450,[526.]
1451,[306.]
1452,[1106.]
1453,[110.]
1454,[282.]
1455,[1106.]
1456,[1106.]
1457,[1106.]
1458,[236.]
1459,[1106.]
1460,[556.]
1461,[1106.]
1462,[124.]
1463,[159.]
1464,[351.]
1465,[1106.]
1466,[1106.]
1467,[372.]
1468,[1106.]
1469,[716.]
1470,[97.]
1471,[115.]
1472,[302.]
1473,[127.]
1474,[156.]
1475,[1106.]
1476,[289.]
1477,[1106.]
1478,[1106.]
1479,[97.]
1480,[1106.]
1481,[504.]
1482,[529.]
1483,[1106.]
1484,[1106.]
1485,[1106.]
1486,[179.]
1487,[1106.]
1488,[1106.]
1489,[137.]
1490,[186.]
1491,[304.]
1492,[1106.]
1493,[1106.]
1494,[72.]
1495,[172.]
1496,[365.]
1497,[477.]
1498,[1106.]
1499,[1106.]
1500,[1106.]
1501,[1106.]
1502,[146.]
1503,[1106.]
1504,[1106.]
1505,[138.]
1506,[1106.]
1507,[401.]
1508,[313.]
1509,[1106.]
1510,[451.]
1511,[1106.]
1512,[1106.]
1513,[124.]
1514,[1106.]
1515,[1106.]
1516,[1106.]
1517,[1106.]
1518,[1106.]
1519,[1106.]
1520,[1106.]
1521,[252.]
1522,[1106.]
1523,[1106.]
1524,[303.]
1525,[334.]
1526,[1106.]
1527,[1106.]
1528,[1106.]
1529,[1106.]
1530,[1124.]
1531,[156.]
1532,[1106.]
1533,[1106.]
1534,[220.]
1535,[1106.]
1536,[402.]
1537,[203.]
1538,[263.]
1539,[514.]
1540,[122.]
1541,[229.]
1542,[1106.]
1543,[1106.]
1544,[1106.]
1545,[307.]
1546,[1106.]
1547,[1106.]
1548,[1106.]
1549,[1106.]
1550,[1106.]
1551,[1106.]
1552,[122.]
1553,[1106.]
1554,[84.]
1555,[1106.]
1556,[1106.]
1557,[1106.]
1558,[421.]
1559,[491.]
1560,[1106.]
1561,[288.]
1562,[207.]
1563,[138.]
1564,[322.]
1565,[239.]
1566,[281.]
1567,[444.]
1568,[1106.]
1569,[281.]
1570,[133.]
1571,[135.]
1572,[1106.]
1573,[449.]
1574,[465.]
1575,[1106.]
1576,[760.]
1577,[1106.]
1578,[1106.]
1579,[1106.]
1580,[1106.]
1581,[391.]
1582,[946.]
1583,[1106.]
1584,[270.]
1585,[100.]
1586,[160.]
1587,[271.]
1588,[1106.]
1589,[1106.]
1590,[1106.]
1591,[98.]
1592,[1106.]
1593,[148.]
1594,[1106.]
1595,[223.]
1596,[259.]
1597,[98.]
1598,[584.]
1599,[256.]
1600,[1106.]
1601,[115.]
1602,[1106.]
1603,[1106.]
1604,[1106.]
1605,[134.]
1606,[1106.]
1607,[145.]
1608,[1106.]
1609,[130.]
1610,[450.]
1611,[128.]
1612,[292.]
1613,[315.]
1614,[1106.]
1615,[1106.]
1616,[1106.]
1617,[1106.]
1618,[122.]
1619,[1106.]
1620,[305.]
1621,[149.]
1622,[176.]
1623,[1106.]
1624,[288.]
1625,[1106.]
1626,[248.]
1627,[292.]
1628,[162.]
1629,[98.]
1630,[495.]
1631,[1106.]
1632,[206.]
1633,[1106.]
1634,[1106.]
1635,[1106.]
1636,[534.]
1637,[1106.]
1638,[388.]
1639,[1106.]
1640,[1106.]
1641,[1106.]
1642,[1106.]
1643,[397.]
1644,[152.]
1645,[1106.]
1646,[1106.]
1647,[1106.]
1648,[1106.]
1649,[1106.]
1650,[420.]
1651,[1106.]
1652,[1106.]
1653,[1106.]
1654,[1106.]
1655,[1106.]
1656,[162.]
1657,[1106.]
1658,[1106.]
1659,[127.]
1660,[1106.]
1661,[123.]
1662,[1106.]
1663,[1106.]
1664,[1106.]
1665,[449.]
1666,[329.]
1667,[288.]
1668,[1106.]
1669,[1106.]
1670,[194.]
1671,[1106.]
1672,[109.]
1673,[110.]
1674,[148.]
1675,[1106.]
1676,[1106.]
1677,[280.]
1678,[1106.]
1679,[337.]
1680,[1106.]
1681,[1106.]
1682,[136.]
1683,[429.]
1684,[1106.]
1685,[1106.]
1686,[112.]
1687,[1106.]
1688,[147.]
1689,[1106.]
1690,[1106.]
1691,[1106.]
1692,[629.]
1693,[57.]
1694,[175.]
1695,[434.]
1696,[1106.]
1697,[1106.]
1698,[188.]
1699,[1106.]
1700,[1106.]
1701,[1106.]
1702,[253.]
1703,[1106.]
1704,[1106.]
1705,[481.]
1706,[1106.]
1707,[1106.]
1708,[1106.]
1709,[255.]
1710,[1106.]
1711,[1106.]
1712,[1106.]
1713,[1106.]
1714,[409.]
1715,[340.]
1716,[441.]
1717,[1106.]
1718,[1106.]
1719,[391.]
1720,[357.]
1721,[384.]
1722,[1106.]
1723,[1106.]
1724,[1106.]
1725,[130.]
1726,[212.]
1727,[1106.]
1728,[1106.]
1729,[1106.]
1730,[1106.]
1731,[1106.]
1732,[251.]
1733,[124.]
1734,[295.]
1735,[1106.]
1736,[181.]
1737,[127.]
1738,[1106.]
1739,[1106.]
1740,[1106.]
1741,[1106.]
1742,[267.]
1743,[394.]
1744,[423.]
1745,[295.]
1746,[214.]
1747,[1106.]
1748,[1106.]
1749,[228.]
1750,[1106.]
1751,[1106.]
1752,[1106.]
1753,[162.]
1754,[1106.]
1755,[1106.]
1756,[1106.]
1757,[539.]
1758,[1106.]
1759,[1106.]
1760,[136.]
1761,[1106.]
1762,[1106.]
1763,[1106.]
1764,[284.]
1765,[1106.]
1766,[69.]
1767,[282.]
1768,[1106.]
1769,[148.]
1770,[1106.]
1771,[310.]
1772,[1106.]
1773,[178.]
1774,[1106.]
1775,[254.]
1776,[1106.]
1777,[1106.]
1778,[115.]
1779,[106.]
1780,[360.]
1781,[1106.]
1782,[1106.]
1783,[352.]
1784,[1106.]
1785,[239.]
1786,[1106.]
1787,[1106.]
1788,[317.]
1789,[166.]
1790,[1106.]
1791,[1106.]
1792,[1106.]
1793,[158.]
1794,[1106.]
1795,[418.]
1796,[348.]
1797,[260.]
1798,[1106.]
1799,[619.]
1800,[1106.]
1801,[1106.]
1802,[1106.]
1803,[1106.]
1804,[1106.]
1805,[105.]
1806,[1106.]
1807,[145.]
1808,[1106.]
1809,[458.]
1810,[1106.]
1811,[140.]
1812,[191.]
1813,[1106.]
1814,[248.]
1815,[1106.]
1816,[354.]
1817,[1106.]
1818,[1106.]
1819,[862.]
1820,[81.]
1821,[1106.]
1822,[464.]
1823,[98.]
1824,[1106.]
1825,[1106.]
1826,[105.]
1827,[1106.]
1828,[1106.]
1829,[1106.]
1830,[265.]
1831,[357.]
1832,[110.]
1833,[103.]
1834,[1106.]
1835,[226.]
1836,[1106.]
1837,[1106.]
1838,[1106.]
1839,[314.]
1840,[1106.]
1841,[1106.]
1842,[1106.]
1843,[476.]
1844,[1106.]
1845,[1106.]
1846,[151.]
1847,[1106.]
1848,[1106.]
1849,[124.]
1850,[1106.]
1851,[1106.]
1852,[429.]
1853,[533.]
1854,[1106.]
1855,[1106.]
1856,[124.]
1857,[1106.]
1858,[124.]
1859,[175.]
1860,[100.]
1861,[512.]
1862,[227.]
1863,[1106.]
1864,[1106.]
1865,[142.]
1866,[479.]
1867,[194.]
1868,[225.]
1869,[200.]
1870,[429.]
1871,[1106.]
1872,[204.]
1873,[1106.]
1874,[112.]
1875,[180.]
1876,[87.]
1877,[229.]
1878,[110.]
1879,[1106.]
1880,[1106.]
1881,[136.]
1882,[203.]
1883,[166.]
1884,[1106.]
1885,[225.]
1886,[624.]
1887,[218.]
1888,[445.]
1889,[1106.]
1890,[414.]
1891,[1106.]
1892,[781.]
1893,[530.]
1894,[1106.]
1895,[1106.]
1896,[1106.]
1897,[1106.]
1898,[242.]
1899,[540.]
1900,[445.]
1901,[102.]
1902,[170.]
1903,[444.]
1904,[1106.]
1905,[1106.]
1906,[245.]
1907,[1106.]
1908,[1106.]
1909,[371.]
1910,[244.]
1911,[186.]
1912,[136.]
1913,[1106.]
1914,[518.]
1915,[1106.]
1916,[1106.]
1917,[110.]
1918,[1106.]
1919,[1106.]
1920,[1106.]
1921,[236.]
1922,[1106.]
1923,[1106.]
1924,[268.]
1925,[1106.]
1926,[1106.]
1927,[1106.]
1928,[1106.]
1929,[199.]
1930,[178.]
1931,[249.]
1932,[1106.]
1933,[219.]
1934,[584.]
1935,[1106.]
1936,[1106.]
1937,[1106.]
1938,[1106.]
1939,[276.]
1940,[1106.]
1941,[471.]
1942,[1106.]
1943,[1106.]
1944,[174.]
1945,[1106.]
1946,[679.]
1947,[201.]
1948,[178.]
1949,[1106.]
1950,[1106.]
1951,[575.]
1952,[354.]
1953,[290.]
1954,[1106.]
1955,[304.]
1956,[1106.]
1957,[1106.]
1958,[227.]
1959,[1106.]
1960,[1106.]
1961,[134.]
1962,[1106.]
1963,[189.]
1964,[128.]
1965,[1106.]
1966,[1106.]
1967,[289.]
1968,[449.]
1969,[361.]
1970,[241.]
1971,[1106.]
1972,[1106.]
1973,[1106.]
1974,[1106.]
1975,[374.]
1976,[1106.]
1977,[128.]
1978,[535.]
1979,[332.]
1980,[1106.]
1981,[354.]
1982,[1106.]
1983,[1106.]
1984,[146.]
1985,[1106.]
1986,[432.]
1987,[234.]
1988,[186.]
1989,[678.]
1990,[1106.]
1991,[1106.]
1992,[100.]
1993,[1106.]
1994,[258.]
1995,[1106.]
1996,[547.]
1997,[223.]
1998,[1106.]
1999,[1106.]
2000,[131.]
