Episodio,Puntaje
1,[235.]
2,[190.]
3,[75.]
4,[227.]
5,[326.]
6,[192.]
7,[229.]
8,[95.]
9,[237.]
10,[335.]
11,[321.]
12,[287.]
13,[266.]
14,[137.]
15,[232.]
16,[246.]
17,[258.]
18,[306.]
19,[226.]
20,[292.]
21,[241.]
22,[278.]
23,[461.]
24,[232.]
25,[175.]
26,[448.]
27,[196.]
28,[275.]
29,[327.]
30,[238.]
31,[203.]
32,[164.]
33,[537.]
34,[386.]
35,[278.]
36,[344.]
37,[239.]
38,[106.]
39,[294.]
40,[274.]
41,[132.]
42,[406.]
43,[301.]
44,[174.]
45,[136.]
46,[491.]
47,[271.]
48,[271.]
49,[138.]
50,[347.]
51,[127.]
52,[238.]
53,[162.]
54,[229.]
55,[327.]
56,[289.]
57,[264.]
58,[541.]
59,[226.]
60,[340.]
61,[315.]
62,[512.]
63,[258.]
64,[174.]
65,[197.]
66,[334.]
67,[253.]
68,[420.]
69,[194.]
70,[316.]
71,[620.]
72,[253.]
73,[216.]
74,[167.]
75,[189.]
76,[155.]
77,[103.]
78,[190.]
79,[197.]
80,[381.]
81,[628.]
82,[416.]
83,[192.]
84,[225.]
85,[482.]
86,[379.]
87,[415.]
88,[368.]
89,[345.]
90,[388.]
91,[205.]
92,[225.]
93,[189.]
94,[148.]
95,[185.]
96,[275.]
97,[162.]
98,[163.]
99,[326.]
100,[264.]
101,[181.]
102,[98.]
103,[320.]
104,[250.]
105,[237.]
106,[198.]
107,[269.]
108,[176.]
109,[242.]
110,[129.]
111,[557.]
112,[224.]
113,[262.]
114,[213.]
115,[168.]
116,[560.]
117,[277.]
118,[178.]
119,[342.]
120,[461.]
121,[325.]
122,[165.]
123,[163.]
124,[352.]
125,[170.]
126,[197.]
127,[229.]
128,[217.]
129,[226.]
130,[170.]
131,[271.]
132,[368.]
133,[195.]
134,[157.]
135,[311.]
136,[339.]
137,[92.]
138,[245.]
139,[413.]
140,[162.]
141,[318.]
142,[278.]
143,[353.]
144,[217.]
145,[243.]
146,[165.]
147,[230.]
148,[361.]
149,[98.]
150,[295.]
151,[476.]
152,[151.]
153,[296.]
154,[354.]
155,[223.]
156,[92.]
157,[222.]
158,[282.]
159,[369.]
160,[139.]
161,[204.]
162,[222.]
163,[350.]
164,[279.]
165,[225.]
166,[418.]
167,[270.]
168,[211.]
169,[113.]
170,[226.]
171,[296.]
172,[680.]
173,[184.]
174,[277.]
175,[268.]
176,[709.]
177,[351.]
178,[387.]
179,[166.]
180,[210.]
181,[104.]
182,[279.]
183,[218.]
184,[125.]
185,[239.]
186,[165.]
187,[228.]
188,[162.]
189,[654.]
190,[100.]
191,[172.]
192,[527.]
193,[376.]
194,[196.]
195,[108.]
196,[337.]
197,[236.]
198,[526.]
199,[277.]
200,[203.]
201,[382.]
202,[72.]
203,[295.]
204,[302.]
205,[275.]
206,[297.]
207,[275.]
208,[411.]
209,[471.]
210,[327.]
211,[169.]
212,[287.]
213,[338.]
214,[121.]
215,[299.]
216,[328.]
217,[313.]
218,[193.]
219,[186.]
220,[236.]
221,[190.]
222,[183.]
223,[201.]
224,[703.]
225,[52.]
226,[150.]
227,[399.]
228,[446.]
229,[301.]
230,[447.]
231,[230.]
232,[341.]
233,[241.]
234,[184.]
235,[163.]
236,[296.]
237,[188.]
238,[525.]
239,[385.]
240,[406.]
241,[402.]
242,[279.]
243,[236.]
244,[337.]
245,[449.]
246,[302.]
247,[105.]
248,[169.]
249,[129.]
250,[437.]
251,[223.]
252,[429.]
253,[537.]
254,[229.]
255,[270.]
256,[399.]
257,[242.]
258,[109.]
259,[466.]
260,[146.]
261,[349.]
262,[286.]
263,[221.]
264,[194.]
265,[432.]
266,[661.]
267,[372.]
268,[269.]
269,[362.]
270,[150.]
271,[220.]
272,[220.]
273,[278.]
274,[271.]
275,[167.]
276,[236.]
277,[220.]
278,[441.]
279,[227.]
280,[301.]
281,[137.]
282,[282.]
283,[379.]
284,[347.]
285,[415.]
286,[106.]
287,[215.]
288,[116.]
289,[114.]
290,[195.]
291,[359.]
292,[207.]
293,[199.]
294,[235.]
295,[319.]
296,[378.]
297,[341.]
298,[197.]
299,[220.]
300,[445.]
301,[325.]
302,[125.]
303,[426.]
304,[111.]
305,[275.]
306,[255.]
307,[145.]
308,[203.]
309,[171.]
310,[276.]
311,[226.]
312,[294.]
313,[481.]
314,[240.]
315,[197.]
316,[323.]
317,[350.]
318,[267.]
319,[288.]
320,[326.]
321,[270.]
322,[211.]
323,[152.]
324,[278.]
325,[503.]
326,[623.]
327,[225.]
328,[153.]
329,[511.]
330,[181.]
331,[425.]
332,[258.]
333,[490.]
334,[152.]
335,[450.]
336,[198.]
337,[298.]
338,[220.]
339,[293.]
340,[226.]
341,[226.]
342,[410.]
343,[628.]
344,[267.]
345,[165.]
346,[205.]
347,[624.]
348,[275.]
349,[388.]
350,[366.]
351,[395.]
352,[274.]
353,[447.]
354,[195.]
355,[307.]
356,[328.]
357,[166.]
358,[304.]
359,[431.]
360,[353.]
361,[445.]
362,[597.]
363,[242.]
364,[265.]
365,[402.]
366,[206.]
367,[223.]
368,[192.]
369,[328.]
370,[111.]
371,[111.]
372,[273.]
373,[97.]
374,[457.]
375,[196.]
376,[634.]
377,[786.]
378,[164.]
379,[118.]
380,[398.]
381,[447.]
382,[224.]
383,[262.]
384,[162.]
385,[290.]
386,[444.]
387,[389.]
388,[180.]
389,[234.]
390,[225.]
391,[353.]
392,[345.]
393,[105.]
394,[203.]
395,[203.]
396,[317.]
397,[237.]
398,[489.]
399,[223.]
400,[236.]
401,[708.]
402,[235.]
403,[339.]
404,[514.]
405,[236.]
406,[188.]
407,[77.]
408,[299.]
409,[119.]
410,[344.]
411,[326.]
412,[229.]
413,[112.]
414,[383.]
415,[468.]
416,[220.]
417,[277.]
418,[329.]
419,[239.]
420,[416.]
421,[563.]
422,[511.]
423,[193.]
424,[180.]
425,[392.]
426,[298.]
427,[336.]
428,[230.]
429,[442.]
430,[349.]
431,[229.]
432,[258.]
433,[398.]
434,[142.]
435,[333.]
436,[206.]
437,[283.]
438,[234.]
439,[193.]
440,[192.]
441,[514.]
442,[195.]
443,[405.]
444,[237.]
445,[226.]
446,[233.]
447,[305.]
448,[279.]
449,[181.]
450,[235.]
451,[103.]
452,[317.]
453,[124.]
454,[411.]
455,[296.]
456,[409.]
457,[274.]
458,[221.]
459,[387.]
460,[157.]
461,[225.]
462,[381.]
463,[146.]
464,[569.]
465,[462.]
466,[177.]
467,[99.]
468,[196.]
469,[249.]
470,[513.]
471,[809.]
472,[343.]
473,[126.]
474,[183.]
475,[163.]
476,[423.]
477,[617.]
478,[739.]
479,[226.]
480,[143.]
481,[506.]
482,[181.]
483,[495.]
484,[225.]
485,[138.]
486,[122.]
487,[188.]
488,[592.]
489,[314.]
490,[207.]
491,[236.]
492,[95.]
493,[36.]
494,[223.]
495,[226.]
496,[232.]
497,[128.]
498,[228.]
499,[267.]
500,[232.]
501,[156.]
502,[106.]
503,[154.]
504,[227.]
505,[231.]
506,[202.]
507,[251.]
508,[525.]
509,[232.]
510,[325.]
511,[168.]
512,[423.]
513,[571.]
514,[281.]
515,[132.]
516,[320.]
517,[157.]
518,[351.]
519,[674.]
520,[200.]
521,[286.]
522,[268.]
523,[875.]
524,[276.]
525,[362.]
526,[241.]
527,[122.]
528,[170.]
529,[277.]
530,[165.]
531,[228.]
532,[224.]
533,[432.]
534,[187.]
535,[237.]
536,[194.]
537,[174.]
538,[269.]
539,[506.]
540,[236.]
541,[374.]
542,[367.]
543,[225.]
544,[243.]
545,[237.]
546,[506.]
547,[356.]
548,[190.]
549,[163.]
550,[451.]
551,[141.]
552,[285.]
553,[423.]
554,[395.]
555,[252.]
556,[279.]
557,[237.]
558,[135.]
559,[82.]
560,[201.]
561,[283.]
562,[189.]
563,[279.]
564,[249.]
565,[225.]
566,[456.]
567,[282.]
568,[184.]
569,[370.]
570,[248.]
571,[306.]
572,[144.]
573,[202.]
574,[370.]
575,[675.]
576,[274.]
577,[171.]
578,[184.]
579,[369.]
580,[442.]
581,[233.]
582,[162.]
583,[151.]
584,[224.]
585,[227.]
586,[443.]
587,[347.]
588,[300.]
589,[163.]
590,[260.]
591,[180.]
592,[280.]
593,[267.]
594,[227.]
595,[331.]
596,[233.]
597,[128.]
598,[296.]
599,[337.]
600,[279.]
601,[376.]
602,[161.]
603,[231.]
604,[299.]
605,[172.]
606,[241.]
607,[633.]
608,[235.]
609,[410.]
610,[351.]
611,[233.]
612,[211.]
613,[436.]
614,[225.]
615,[288.]
616,[335.]
617,[640.]
618,[167.]
619,[267.]
620,[94.]
621,[349.]
622,[133.]
623,[162.]
624,[133.]
625,[386.]
626,[193.]
627,[417.]
628,[264.]
629,[108.]
630,[194.]
631,[96.]
632,[293.]
633,[396.]
634,[287.]
635,[226.]
636,[225.]
637,[106.]
638,[284.]
639,[190.]
640,[164.]
641,[226.]
642,[209.]
643,[281.]
644,[184.]
645,[225.]
646,[327.]
647,[266.]
648,[235.]
649,[287.]
650,[190.]
651,[124.]
652,[153.]
653,[282.]
654,[496.]
655,[163.]
656,[164.]
657,[309.]
658,[230.]
659,[446.]
660,[277.]
661,[170.]
662,[409.]
663,[343.]
664,[165.]
665,[274.]
666,[321.]
667,[223.]
668,[167.]
669,[325.]
670,[225.]
671,[149.]
672,[409.]
673,[146.]
674,[212.]
675,[125.]
676,[170.]
677,[212.]
678,[322.]
679,[221.]
680,[290.]
681,[405.]
682,[219.]
683,[280.]
684,[221.]
685,[221.]
686,[634.]
687,[70.]
688,[71.]
689,[398.]
690,[346.]
691,[351.]
692,[292.]
693,[486.]
694,[205.]
695,[220.]
696,[295.]
697,[193.]
698,[115.]
699,[239.]
700,[353.]
701,[239.]
702,[718.]
703,[462.]
704,[365.]
705,[428.]
706,[107.]
707,[162.]
708,[725.]
709,[264.]
710,[154.]
711,[163.]
712,[248.]
713,[157.]
714,[268.]
715,[194.]
716,[226.]
717,[216.]
718,[235.]
719,[494.]
720,[394.]
721,[167.]
722,[343.]
723,[164.]
724,[167.]
725,[291.]
726,[583.]
727,[523.]
728,[174.]
729,[237.]
730,[340.]
731,[221.]
732,[279.]
733,[325.]
734,[254.]
735,[442.]
736,[223.]
737,[168.]
738,[444.]
739,[226.]
740,[238.]
741,[332.]
742,[145.]
743,[176.]
744,[394.]
745,[282.]
746,[242.]
747,[239.]
748,[295.]
749,[194.]
750,[589.]
751,[350.]
752,[236.]
753,[173.]
754,[234.]
755,[165.]
756,[239.]
757,[318.]
758,[361.]
759,[289.]
760,[232.]
761,[456.]
762,[144.]
763,[238.]
764,[440.]
765,[108.]
766,[288.]
767,[221.]
768,[316.]
769,[594.]
770,[236.]
771,[272.]
772,[351.]
773,[241.]
774,[220.]
775,[271.]
776,[425.]
777,[226.]
778,[406.]
779,[126.]
780,[237.]
781,[269.]
782,[189.]
783,[233.]
784,[462.]
785,[447.]
786,[79.]
787,[287.]
788,[407.]
789,[841.]
790,[181.]
791,[249.]
792,[289.]
793,[151.]
794,[165.]
795,[194.]
796,[237.]
797,[278.]
798,[363.]
799,[214.]
800,[371.]
801,[266.]
802,[214.]
803,[283.]
804,[334.]
805,[301.]
806,[104.]
807,[238.]
808,[170.]
809,[98.]
810,[255.]
811,[213.]
812,[183.]
813,[226.]
814,[259.]
815,[267.]
816,[220.]
817,[170.]
818,[387.]
819,[235.]
820,[225.]
821,[463.]
822,[343.]
823,[249.]
824,[398.]
825,[319.]
826,[222.]
827,[473.]
828,[191.]
829,[387.]
830,[228.]
831,[298.]
832,[296.]
833,[385.]
834,[234.]
835,[229.]
836,[478.]
837,[163.]
838,[271.]
839,[127.]
840,[315.]
841,[200.]
842,[123.]
843,[635.]
844,[495.]
845,[476.]
846,[196.]
847,[237.]
848,[165.]
849,[244.]
850,[137.]
851,[353.]
852,[280.]
853,[190.]
854,[377.]
855,[190.]
856,[195.]
857,[430.]
858,[223.]
859,[223.]
860,[351.]
861,[294.]
862,[359.]
863,[116.]
864,[363.]
865,[130.]
866,[135.]
867,[250.]
868,[196.]
869,[222.]
870,[296.]
871,[479.]
872,[236.]
873,[323.]
874,[807.]
875,[140.]
876,[170.]
877,[190.]
878,[447.]
879,[837.]
880,[279.]
881,[298.]
882,[180.]
883,[239.]
884,[278.]
885,[221.]
886,[280.]
887,[499.]
888,[124.]
889,[221.]
890,[228.]
891,[326.]
892,[611.]
893,[435.]
894,[209.]
895,[485.]
896,[251.]
897,[247.]
898,[207.]
899,[245.]
900,[238.]
901,[389.]
902,[164.]
903,[408.]
904,[184.]
905,[228.]
906,[283.]
907,[520.]
908,[241.]
909,[255.]
910,[279.]
911,[199.]
912,[574.]
913,[278.]
914,[182.]
915,[232.]
916,[348.]
917,[387.]
918,[89.]
919,[284.]
920,[208.]
921,[371.]
922,[280.]
923,[226.]
924,[269.]
925,[336.]
926,[244.]
927,[471.]
928,[238.]
929,[614.]
930,[194.]
931,[156.]
932,[296.]
933,[291.]
934,[412.]
935,[278.]
936,[282.]
937,[350.]
938,[167.]
939,[196.]
940,[181.]
941,[383.]
942,[212.]
943,[171.]
944,[223.]
945,[145.]
946,[136.]
947,[419.]
948,[272.]
949,[382.]
950,[424.]
951,[221.]
952,[263.]
953,[159.]
954,[164.]
955,[192.]
956,[103.]
957,[419.]
958,[177.]
959,[243.]
960,[328.]
961,[234.]
962,[279.]
963,[347.]
964,[237.]
965,[120.]
966,[209.]
967,[162.]
968,[140.]
969,[446.]
970,[555.]
971,[196.]
972,[427.]
973,[297.]
974,[116.]
975,[354.]
976,[264.]
977,[368.]
978,[238.]
979,[236.]
980,[270.]
981,[460.]
982,[237.]
983,[239.]
984,[164.]
985,[282.]
986,[371.]
987,[229.]
988,[166.]
989,[205.]
990,[121.]
991,[544.]
992,[290.]
993,[818.]
994,[161.]
995,[175.]
996,[323.]
997,[333.]
998,[433.]
999,[186.]
1000,[103.]
1001,[445.]
1002,[327.]
1003,[448.]
1004,[219.]
1005,[197.]
1006,[240.]
1007,[225.]
1008,[259.]
1009,[313.]
1010,[413.]
1011,[340.]
1012,[162.]
1013,[195.]
1014,[442.]
1015,[324.]
1016,[115.]
1017,[377.]
1018,[95.]
1019,[162.]
1020,[384.]
1021,[148.]
1022,[281.]
1023,[220.]
1024,[172.]
1025,[323.]
1026,[114.]
1027,[557.]
1028,[188.]
1029,[190.]
1030,[342.]
1031,[51.]
1032,[310.]
1033,[282.]
1034,[333.]
1035,[192.]
1036,[227.]
1037,[204.]
1038,[390.]
1039,[234.]
1040,[207.]
1041,[254.]
1042,[284.]
1043,[239.]
1044,[221.]
1045,[486.]
1046,[196.]
1047,[149.]
1048,[241.]
1049,[246.]
1050,[465.]
1051,[353.]
1052,[220.]
1053,[306.]
1054,[278.]
1055,[284.]
1056,[250.]
1057,[329.]
1058,[195.]
1059,[236.]
1060,[158.]
1061,[136.]
1062,[116.]
1063,[423.]
1064,[189.]
1065,[235.]
1066,[423.]
1067,[495.]
1068,[491.]
1069,[176.]
1070,[243.]
1071,[377.]
1072,[181.]
1073,[216.]
1074,[472.]
1075,[332.]
1076,[331.]
1077,[291.]
1078,[275.]
1079,[250.]
1080,[130.]
1081,[244.]
1082,[318.]
1083,[108.]
1084,[328.]
1085,[164.]
1086,[387.]
1087,[388.]
1088,[237.]
1089,[191.]
1090,[250.]
1091,[173.]
1092,[228.]
1093,[220.]
1094,[346.]
1095,[169.]
1096,[568.]
1097,[336.]
1098,[114.]
1099,[192.]
1100,[334.]
1101,[351.]
1102,[180.]
1103,[177.]
1104,[189.]
1105,[343.]
1106,[249.]
1107,[124.]
1108,[336.]
1109,[502.]
1110,[209.]
1111,[443.]
1112,[473.]
1113,[190.]
1114,[308.]
1115,[162.]
1116,[265.]
1117,[163.]
1118,[281.]
1119,[416.]
1120,[357.]
1121,[668.]
1122,[218.]
1123,[163.]
1124,[236.]
1125,[121.]
1126,[138.]
1127,[165.]
1128,[190.]
1129,[323.]
1130,[175.]
1131,[301.]
1132,[116.]
1133,[243.]
1134,[316.]
1135,[357.]
1136,[306.]
1137,[195.]
1138,[358.]
1139,[468.]
1140,[340.]
1141,[240.]
1142,[356.]
1143,[279.]
1144,[235.]
1145,[174.]
1146,[323.]
1147,[115.]
1148,[173.]
1149,[505.]
1150,[322.]
1151,[324.]
1152,[227.]
1153,[218.]
1154,[277.]
1155,[342.]
1156,[277.]
1157,[166.]
1158,[327.]
1159,[443.]
1160,[629.]
1161,[164.]
1162,[277.]
1163,[232.]
1164,[220.]
1165,[186.]
1166,[164.]
1167,[220.]
1168,[282.]
1169,[191.]
1170,[116.]
1171,[240.]
1172,[158.]
1173,[141.]
1174,[463.]
1175,[219.]
1176,[64.]
1177,[554.]
1178,[188.]
1179,[155.]
1180,[645.]
1181,[308.]
1182,[132.]
1183,[168.]
1184,[238.]
1185,[268.]
1186,[297.]
1187,[325.]
1188,[238.]
1189,[464.]
1190,[494.]
1191,[488.]
1192,[581.]
1193,[486.]
1194,[243.]
1195,[258.]
1196,[216.]
1197,[158.]
1198,[114.]
1199,[139.]
1200,[118.]
1201,[189.]
1202,[349.]
1203,[152.]
1204,[254.]
1205,[198.]
1206,[659.]
1207,[481.]
1208,[216.]
1209,[236.]
1210,[280.]
1211,[283.]
1212,[657.]
1213,[255.]
1214,[236.]
1215,[241.]
1216,[237.]
1217,[239.]
1218,[357.]
1219,[266.]
1220,[230.]
1221,[386.]
1222,[225.]
1223,[238.]
1224,[96.]
1225,[374.]
1226,[172.]
1227,[218.]
1228,[577.]
1229,[230.]
1230,[140.]
1231,[143.]
1232,[397.]
1233,[116.]
1234,[232.]
1235,[351.]
1236,[175.]
1237,[240.]
1238,[297.]
1239,[295.]
1240,[162.]
1241,[129.]
1242,[267.]
1243,[266.]
1244,[452.]
1245,[146.]
1246,[255.]
1247,[162.]
1248,[190.]
1249,[243.]
1250,[227.]
1251,[119.]
1252,[315.]
1253,[406.]
1254,[161.]
1255,[302.]
1256,[70.]
1257,[292.]
1258,[563.]
1259,[279.]
1260,[332.]
1261,[528.]
1262,[416.]
1263,[217.]
1264,[199.]
1265,[414.]
1266,[243.]
1267,[233.]
1268,[302.]
1269,[278.]
1270,[350.]
1271,[512.]
1272,[210.]
1273,[163.]
1274,[334.]
1275,[274.]
1276,[267.]
1277,[341.]
1278,[271.]
1279,[420.]
1280,[238.]
1281,[486.]
1282,[200.]
1283,[163.]
1284,[129.]
1285,[244.]
1286,[437.]
1287,[623.]
1288,[100.]
1289,[228.]
1290,[163.]
1291,[247.]
1292,[328.]
1293,[161.]
1294,[273.]
1295,[229.]
1296,[275.]
1297,[236.]
1298,[243.]
1299,[241.]
1300,[442.]
1301,[460.]
1302,[221.]
1303,[349.]
1304,[257.]
1305,[670.]
1306,[223.]
1307,[230.]
1308,[481.]
1309,[283.]
1310,[325.]
1311,[250.]
1312,[498.]
1313,[410.]
1314,[366.]
1315,[225.]
1316,[192.]
1317,[261.]
1318,[283.]
1319,[226.]
1320,[322.]
1321,[110.]
1322,[201.]
1323,[528.]
1324,[122.]
1325,[719.]
1326,[188.]
1327,[124.]
1328,[256.]
1329,[206.]
1330,[142.]
1331,[468.]
1332,[201.]
1333,[241.]
1334,[158.]
1335,[494.]
1336,[510.]
1337,[222.]
1338,[230.]
1339,[113.]
1340,[48.]
1341,[330.]
1342,[238.]
1343,[207.]
1344,[292.]
1345,[108.]
1346,[234.]
1347,[306.]
1348,[446.]
1349,[230.]
1350,[195.]
1351,[270.]
1352,[156.]
1353,[282.]
1354,[166.]
1355,[265.]
1356,[193.]
1357,[120.]
1358,[269.]
1359,[154.]
1360,[478.]
1361,[657.]
1362,[279.]
1363,[589.]
1364,[141.]
1365,[220.]
1366,[239.]
1367,[449.]
1368,[219.]
1369,[35.]
1370,[326.]
1371,[126.]
1372,[331.]
1373,[240.]
1374,[104.]
1375,[515.]
1376,[151.]
1377,[359.]
1378,[270.]
1379,[285.]
1380,[291.]
1381,[177.]
1382,[195.]
1383,[228.]
1384,[236.]
1385,[361.]
1386,[165.]
1387,[168.]
1388,[340.]
1389,[177.]
1390,[219.]
1391,[343.]
1392,[279.]
1393,[351.]
1394,[339.]
1395,[331.]
1396,[323.]
1397,[500.]
1398,[222.]
1399,[388.]
1400,[215.]
1401,[231.]
1402,[142.]
1403,[226.]
1404,[356.]
1405,[239.]
1406,[226.]
1407,[284.]
1408,[236.]
1409,[243.]
1410,[385.]
1411,[253.]
1412,[151.]
1413,[240.]
1414,[275.]
1415,[530.]
1416,[184.]
1417,[66.]
1418,[267.]
1419,[241.]
1420,[226.]
1421,[613.]
1422,[169.]
1423,[411.]
1424,[241.]
1425,[326.]
1426,[201.]
1427,[114.]
1428,[438.]
1429,[112.]
1430,[278.]
1431,[178.]
1432,[221.]
1433,[269.]
1434,[348.]
1435,[178.]
1436,[133.]
1437,[453.]
1438,[165.]
1439,[109.]
1440,[175.]
1441,[201.]
1442,[297.]
1443,[240.]
1444,[189.]
1445,[447.]
1446,[417.]
1447,[162.]
1448,[113.]
1449,[463.]
1450,[168.]
1451,[259.]
1452,[273.]
1453,[508.]
1454,[160.]
1455,[95.]
1456,[376.]
1457,[279.]
1458,[196.]
1459,[232.]
1460,[321.]
1461,[236.]
1462,[281.]
1463,[163.]
1464,[410.]
1465,[181.]
1466,[230.]
1467,[505.]
1468,[206.]
1469,[238.]
1470,[87.]
1471,[253.]
1472,[411.]
1473,[197.]
1474,[299.]
1475,[286.]
1476,[234.]
1477,[289.]
1478,[199.]
1479,[515.]
1480,[383.]
1481,[102.]
1482,[526.]
1483,[270.]
1484,[487.]
1485,[244.]
1486,[410.]
1487,[325.]
1488,[287.]
1489,[176.]
1490,[390.]
1491,[224.]
1492,[237.]
1493,[261.]
1494,[229.]
1495,[136.]
1496,[316.]
1497,[270.]
1498,[424.]
1499,[351.]
1500,[343.]
1501,[143.]
1502,[278.]
1503,[343.]
1504,[221.]
1505,[311.]
1506,[206.]
1507,[612.]
1508,[328.]
1509,[406.]
1510,[271.]
1511,[195.]
1512,[486.]
1513,[356.]
1514,[293.]
1515,[215.]
1516,[319.]
1517,[274.]
1518,[520.]
1519,[185.]
1520,[372.]
1521,[276.]
1522,[278.]
1523,[302.]
1524,[249.]
1525,[107.]
1526,[350.]
1527,[366.]
1528,[288.]
1529,[303.]
1530,[290.]
1531,[156.]
1532,[344.]
1533,[161.]
1534,[109.]
1535,[202.]
1536,[167.]
1537,[708.]
1538,[403.]
1539,[230.]
1540,[280.]
1541,[216.]
1542,[136.]
1543,[126.]
1544,[371.]
1545,[431.]
1546,[286.]
1547,[530.]
1548,[238.]
1549,[817.]
1550,[212.]
1551,[249.]
1552,[161.]
1553,[326.]
1554,[144.]
1555,[279.]
1556,[238.]
1557,[261.]
1558,[225.]
1559,[129.]
1560,[162.]
1561,[468.]
1562,[295.]
1563,[133.]
1564,[225.]
1565,[449.]
1566,[174.]
1567,[288.]
1568,[169.]
1569,[239.]
1570,[112.]
1571,[495.]
1572,[614.]
1573,[146.]
1574,[180.]
1575,[557.]
1576,[463.]
1577,[176.]
1578,[649.]
1579,[419.]
1580,[163.]
1581,[239.]
1582,[237.]
1583,[283.]
1584,[163.]
1585,[192.]
1586,[209.]
1587,[231.]
1588,[226.]
1589,[99.]
1590,[193.]
1591,[278.]
1592,[313.]
1593,[127.]
1594,[227.]
1595,[447.]
1596,[382.]
1597,[142.]
1598,[192.]
1599,[417.]
1600,[471.]
1601,[501.]
1602,[465.]
1603,[163.]
1604,[237.]
1605,[201.]
1606,[364.]
1607,[437.]
1608,[66.]
1609,[132.]
1610,[239.]
1611,[162.]
1612,[192.]
1613,[151.]
1614,[504.]
1615,[448.]
1616,[143.]
1617,[284.]
1618,[164.]
1619,[171.]
1620,[170.]
1621,[226.]
1622,[199.]
1623,[369.]
1624,[203.]
1625,[441.]
1626,[229.]
1627,[280.]
1628,[232.]
1629,[112.]
1630,[376.]
1631,[502.]
1632,[328.]
1633,[85.]
1634,[576.]
1635,[340.]
1636,[219.]
1637,[193.]
1638,[194.]
1639,[150.]
1640,[218.]
1641,[196.]
1642,[444.]
1643,[121.]
1644,[250.]
1645,[228.]
1646,[166.]
1647,[221.]
1648,[324.]
1649,[298.]
1650,[270.]
1651,[517.]
1652,[284.]
1653,[560.]
1654,[202.]
1655,[132.]
1656,[124.]
1657,[296.]
1658,[154.]
1659,[207.]
1660,[310.]
1661,[241.]
1662,[295.]
1663,[526.]
1664,[238.]
1665,[281.]
1666,[354.]
1667,[206.]
1668,[110.]
1669,[298.]
1670,[233.]
1671,[193.]
1672,[644.]
1673,[369.]
1674,[178.]
1675,[237.]
1676,[271.]
1677,[382.]
1678,[387.]
1679,[463.]
1680,[331.]
1681,[236.]
1682,[120.]
1683,[417.]
1684,[274.]
1685,[228.]
1686,[221.]
1687,[522.]
1688,[247.]
1689,[116.]
1690,[102.]
1691,[200.]
1692,[229.]
1693,[165.]
1694,[279.]
1695,[245.]
1696,[313.]
1697,[190.]
1698,[427.]
1699,[237.]
1700,[199.]
1701,[337.]
1702,[172.]
1703,[196.]
1704,[312.]
1705,[249.]
1706,[270.]
1707,[143.]
1708,[337.]
1709,[252.]
1710,[280.]
1711,[114.]
1712,[364.]
1713,[317.]
1714,[190.]
1715,[362.]
1716,[326.]
1717,[376.]
1718,[123.]
1719,[181.]
1720,[237.]
1721,[134.]
1722,[511.]
1723,[412.]
1724,[226.]
1725,[327.]
1726,[389.]
1727,[199.]
1728,[193.]
1729,[266.]
1730,[342.]
1731,[354.]
1732,[236.]
1733,[430.]
1734,[503.]
1735,[341.]
1736,[233.]
1737,[288.]
1738,[131.]
1739,[135.]
1740,[443.]
1741,[137.]
1742,[247.]
1743,[447.]
1744,[309.]
1745,[705.]
1746,[231.]
1747,[233.]
1748,[205.]
1749,[477.]
1750,[247.]
1751,[242.]
1752,[346.]
1753,[232.]
1754,[161.]
1755,[186.]
1756,[255.]
1757,[139.]
1758,[198.]
1759,[371.]
1760,[229.]
1761,[504.]
1762,[278.]
1763,[194.]
1764,[291.]
1765,[339.]
1766,[228.]
1767,[413.]
1768,[350.]
1769,[141.]
1770,[296.]
1771,[115.]
1772,[378.]
1773,[155.]
1774,[191.]
1775,[423.]
1776,[227.]
1777,[268.]
1778,[329.]
1779,[221.]
1780,[284.]
1781,[166.]
1782,[387.]
1783,[199.]
1784,[192.]
1785,[244.]
1786,[267.]
1787,[152.]
1788,[311.]
1789,[776.]
1790,[154.]
1791,[463.]
1792,[522.]
1793,[520.]
1794,[368.]
1795,[498.]
1796,[148.]
1797,[275.]
1798,[280.]
1799,[338.]
1800,[111.]
1801,[210.]
1802,[207.]
1803,[144.]
1804,[225.]
1805,[286.]
1806,[178.]
1807,[219.]
1808,[368.]
1809,[263.]
1810,[279.]
1811,[287.]
1812,[296.]
1813,[351.]
1814,[441.]
1815,[580.]
1816,[213.]
1817,[222.]
1818,[252.]
1819,[189.]
1820,[248.]
1821,[262.]
1822,[479.]
1823,[231.]
1824,[184.]
1825,[320.]
1826,[235.]
1827,[447.]
1828,[173.]
1829,[356.]
1830,[227.]
1831,[649.]
1832,[162.]
1833,[353.]
1834,[169.]
1835,[140.]
1836,[109.]
1837,[281.]
1838,[241.]
1839,[392.]
1840,[253.]
1841,[333.]
1842,[134.]
1843,[130.]
1844,[380.]
1845,[232.]
1846,[109.]
1847,[234.]
1848,[91.]
1849,[225.]
1850,[173.]
1851,[230.]
1852,[328.]
1853,[100.]
1854,[259.]
1855,[128.]
1856,[224.]
1857,[433.]
1858,[324.]
1859,[180.]
1860,[249.]
1861,[243.]
1862,[146.]
1863,[233.]
1864,[279.]
1865,[294.]
1866,[250.]
1867,[236.]
1868,[719.]
1869,[618.]
1870,[213.]
1871,[295.]
1872,[229.]
1873,[415.]
1874,[168.]
1875,[226.]
1876,[384.]
1877,[280.]
1878,[555.]
1879,[180.]
1880,[141.]
1881,[120.]
1882,[316.]
1883,[410.]
1884,[243.]
1885,[228.]
1886,[273.]
1887,[156.]
1888,[170.]
1889,[280.]
1890,[382.]
1891,[240.]
1892,[301.]
1893,[444.]
1894,[190.]
1895,[378.]
1896,[278.]
1897,[284.]
1898,[263.]
1899,[117.]
1900,[557.]
1901,[132.]
1902,[121.]
1903,[249.]
1904,[683.]
1905,[428.]
1906,[220.]
1907,[322.]
1908,[269.]
1909,[107.]
1910,[199.]
1911,[219.]
1912,[123.]
1913,[228.]
1914,[217.]
1915,[165.]
1916,[300.]
1917,[343.]
1918,[248.]
1919,[345.]
1920,[413.]
1921,[297.]
1922,[232.]
1923,[275.]
1924,[252.]
1925,[220.]
1926,[238.]
1927,[122.]
1928,[147.]
1929,[643.]
1930,[310.]
1931,[291.]
1932,[665.]
1933,[276.]
1934,[494.]
1935,[266.]
1936,[189.]
1937,[356.]
1938,[128.]
1939,[279.]
1940,[250.]
1941,[180.]
1942,[247.]
1943,[230.]
1944,[672.]
1945,[119.]
1946,[248.]
1947,[468.]
1948,[195.]
1949,[554.]
1950,[182.]
1951,[239.]
1952,[224.]
1953,[275.]
1954,[275.]
1955,[310.]
1956,[207.]
1957,[312.]
1958,[470.]
1959,[238.]
1960,[284.]
1961,[538.]
1962,[189.]
1963,[231.]
1964,[232.]
1965,[208.]
1966,[416.]
1967,[427.]
1968,[267.]
1969,[255.]
1970,[208.]
1971,[102.]
1972,[505.]
1973,[443.]
1974,[485.]
1975,[281.]
1976,[289.]
1977,[304.]
1978,[278.]
1979,[231.]
1980,[561.]
1981,[171.]
1982,[269.]
1983,[291.]
1984,[283.]
1985,[226.]
1986,[336.]
1987,[373.]
1988,[168.]
1989,[167.]
1990,[167.]
1991,[100.]
1992,[108.]
1993,[575.]
1994,[228.]
1995,[519.]
1996,[236.]
1997,[203.]
1998,[287.]
1999,[444.]
2000,[518.]
