Episodio,Puntaje
1,[278.]
2,[911.]
3,[859.]
4,[911.]
5,[911.]
6,[430.]
7,[911.]
8,[911.]
9,[911.]
10,[911.]
11,[437.]
12,[911.]
13,[911.]
14,[911.]
15,[911.]
16,[911.]
17,[193.]
18,[150.]
19,[346.]
20,[911.]
21,[911.]
22,[552.]
23,[512.]
24,[208.]
25,[142.]
26,[374.]
27,[531.]
28,[544.]
29,[911.]
30,[911.]
31,[268.]
32,[554.]
33,[911.]
34,[1033.]
35,[343.]
36,[481.]
37,[911.]
38,[342.]
39,[911.]
40,[612.]
41,[250.]
42,[911.]
43,[911.]
44,[911.]
45,[911.]
46,[171.]
47,[331.]
48,[911.]
49,[911.]
50,[389.]
51,[911.]
52,[585.]
53,[911.]
54,[405.]
55,[304.]
56,[911.]
57,[167.]
58,[911.]
59,[240.]
60,[157.]
61,[911.]
62,[200.]
63,[911.]
64,[257.]
65,[911.]
66,[911.]
67,[911.]
68,[911.]
69,[234.]
70,[911.]
71,[422.]
72,[279.]
73,[911.]
74,[641.]
75,[265.]
76,[362.]
77,[133.]
78,[911.]
79,[136.]
80,[911.]
81,[911.]
82,[138.]
83,[169.]
84,[222.]
85,[911.]
86,[391.]
87,[519.]
88,[142.]
89,[911.]
90,[911.]
91,[666.]
92,[911.]
93,[94.]
94,[992.]
95,[911.]
96,[203.]
97,[911.]
98,[911.]
99,[402.]
100,[460.]
101,[208.]
102,[911.]
103,[911.]
104,[911.]
105,[911.]
106,[911.]
107,[911.]
108,[911.]
109,[459.]
110,[146.]
111,[911.]
112,[112.]
113,[512.]
114,[265.]
115,[911.]
116,[911.]
117,[315.]
118,[911.]
119,[911.]
120,[911.]
121,[226.]
122,[524.]
123,[150.]
124,[587.]
125,[184.]
126,[225.]
127,[291.]
128,[1181.]
129,[911.]
130,[911.]
131,[911.]
132,[265.]
133,[128.]
134,[911.]
135,[466.]
136,[911.]
137,[169.]
138,[110.]
139,[195.]
140,[599.]
141,[376.]
142,[911.]
143,[602.]
144,[911.]
145,[911.]
146,[98.]
147,[911.]
148,[911.]
149,[911.]
150,[911.]
151,[911.]
152,[513.]
153,[911.]
154,[406.]
155,[179.]
156,[911.]
157,[196.]
158,[911.]
159,[355.]
160,[911.]
161,[224.]
162,[288.]
163,[911.]
164,[911.]
165,[198.]
166,[911.]
167,[911.]
168,[827.]
169,[911.]
170,[156.]
171,[911.]
172,[911.]
173,[911.]
174,[911.]
175,[371.]
176,[911.]
177,[223.]
178,[911.]
179,[493.]
180,[911.]
181,[911.]
182,[911.]
183,[911.]
184,[490.]
185,[653.]
186,[267.]
187,[911.]
188,[911.]
189,[911.]
190,[245.]
191,[911.]
192,[200.]
193,[230.]
194,[911.]
195,[175.]
196,[911.]
197,[911.]
198,[911.]
199,[636.]
200,[214.]
201,[911.]
202,[911.]
203,[312.]
204,[911.]
205,[911.]
206,[164.]
207,[749.]
208,[911.]
209,[911.]
210,[911.]
211,[911.]
212,[563.]
213,[271.]
214,[123.]
215,[911.]
216,[382.]
217,[911.]
218,[911.]
219,[911.]
220,[196.]
221,[442.]
222,[273.]
223,[911.]
224,[228.]
225,[290.]
226,[450.]
227,[911.]
228,[911.]
229,[279.]
230,[326.]
231,[981.]
232,[911.]
233,[911.]
234,[168.]
235,[728.]
236,[911.]
237,[911.]
238,[94.]
239,[167.]
240,[911.]
241,[911.]
242,[911.]
243,[911.]
244,[362.]
245,[138.]
246,[911.]
247,[911.]
248,[238.]
249,[547.]
250,[911.]
251,[340.]
252,[446.]
253,[249.]
254,[172.]
255,[911.]
256,[911.]
257,[911.]
258,[911.]
259,[156.]
260,[911.]
261,[911.]
262,[911.]
263,[309.]
264,[911.]
265,[121.]
266,[911.]
267,[911.]
268,[911.]
269,[467.]
270,[291.]
271,[164.]
272,[911.]
273,[260.]
274,[911.]
275,[252.]
276,[911.]
277,[424.]
278,[550.]
279,[911.]
280,[197.]
281,[911.]
282,[250.]
283,[911.]
284,[228.]
285,[238.]
286,[911.]
287,[911.]
288,[307.]
289,[911.]
290,[164.]
291,[911.]
292,[911.]
293,[911.]
294,[247.]
295,[911.]
296,[911.]
297,[94.]
298,[911.]
299,[423.]
300,[309.]
301,[911.]
302,[463.]
303,[682.]
304,[304.]
305,[911.]
306,[911.]
307,[911.]
308,[911.]
309,[194.]
310,[633.]
311,[911.]
312,[724.]
313,[285.]
314,[911.]
315,[911.]
316,[156.]
317,[319.]
318,[911.]
319,[485.]
320,[911.]
321,[911.]
322,[911.]
323,[911.]
324,[400.]
325,[911.]
326,[911.]
327,[279.]
328,[381.]
329,[688.]
330,[911.]
331,[162.]
332,[911.]
333,[911.]
334,[144.]
335,[911.]
336,[911.]
337,[911.]
338,[911.]
339,[594.]
340,[911.]
341,[911.]
342,[422.]
343,[703.]
344,[145.]
345,[911.]
346,[454.]
347,[911.]
348,[911.]
349,[255.]
350,[151.]
351,[427.]
352,[911.]
353,[911.]
354,[323.]
355,[396.]
356,[911.]
357,[194.]
358,[911.]
359,[911.]
360,[911.]
361,[911.]
362,[911.]
363,[911.]
364,[297.]
365,[911.]
366,[911.]
367,[911.]
368,[911.]
369,[911.]
370,[402.]
371,[187.]
372,[243.]
373,[422.]
374,[259.]
375,[661.]
376,[276.]
377,[911.]
378,[106.]
379,[911.]
380,[272.]
381,[911.]
382,[911.]
383,[911.]
384,[104.]
385,[581.]
386,[911.]
387,[911.]
388,[183.]
389,[911.]
390,[911.]
391,[911.]
392,[911.]
393,[911.]
394,[911.]
395,[245.]
396,[911.]
397,[911.]
398,[326.]
399,[108.]
400,[911.]
401,[911.]
402,[911.]
403,[240.]
404,[911.]
405,[911.]
406,[167.]
407,[391.]
408,[628.]
409,[775.]
410,[197.]
411,[648.]
412,[737.]
413,[911.]
414,[663.]
415,[911.]
416,[911.]
417,[911.]
418,[210.]
419,[911.]
420,[911.]
421,[911.]
422,[660.]
423,[911.]
424,[911.]
425,[229.]
426,[911.]
427,[183.]
428,[911.]
429,[501.]
430,[911.]
431,[911.]
432,[118.]
433,[911.]
434,[306.]
435,[911.]
436,[911.]
437,[569.]
438,[142.]
439,[908.]
440,[270.]
441,[911.]
442,[431.]
443,[304.]
444,[911.]
445,[911.]
446,[911.]
447,[492.]
448,[407.]
449,[336.]
450,[911.]
451,[911.]
452,[174.]
453,[911.]
454,[258.]
455,[238.]
456,[911.]
457,[911.]
458,[264.]
459,[236.]
460,[911.]
461,[911.]
462,[911.]
463,[911.]
464,[199.]
465,[119.]
466,[260.]
467,[911.]
468,[911.]
469,[911.]
470,[911.]
471,[911.]
472,[800.]
473,[911.]
474,[911.]
475,[152.]
476,[911.]
477,[744.]
478,[911.]
479,[911.]
480,[699.]
481,[911.]
482,[911.]
483,[911.]
484,[911.]
485,[289.]
486,[351.]
487,[911.]
488,[441.]
489,[911.]
490,[911.]
491,[911.]
492,[911.]
493,[911.]
494,[911.]
495,[911.]
496,[295.]
497,[911.]
498,[547.]
499,[911.]
500,[911.]
501,[911.]
502,[501.]
503,[911.]
504,[911.]
505,[193.]
506,[911.]
507,[148.]
508,[160.]
509,[626.]
510,[200.]
511,[911.]
512,[911.]
513,[911.]
514,[911.]
515,[911.]
516,[246.]
517,[911.]
518,[398.]
519,[911.]
520,[911.]
521,[340.]
522,[572.]
523,[296.]
524,[279.]
525,[911.]
526,[181.]
527,[911.]
528,[499.]
529,[412.]
530,[911.]
531,[911.]
532,[758.]
533,[911.]
534,[911.]
535,[141.]
536,[911.]
537,[911.]
538,[417.]
539,[179.]
540,[911.]
541,[187.]
542,[501.]
543,[911.]
544,[911.]
545,[911.]
546,[911.]
547,[911.]
548,[246.]
549,[123.]
550,[911.]
551,[911.]
552,[911.]
553,[258.]
554,[200.]
555,[769.]
556,[911.]
557,[445.]
558,[997.]
559,[514.]
560,[911.]
561,[175.]
562,[911.]
563,[911.]
564,[911.]
565,[911.]
566,[911.]
567,[246.]
568,[741.]
569,[813.]
570,[911.]
571,[420.]
572,[911.]
573,[119.]
574,[911.]
575,[424.]
576,[272.]
577,[464.]
578,[291.]
579,[911.]
580,[184.]
581,[911.]
582,[911.]
583,[286.]
584,[230.]
585,[760.]
586,[649.]
587,[911.]
588,[911.]
589,[911.]
590,[911.]
591,[911.]
592,[911.]
593,[911.]
594,[911.]
595,[911.]
596,[911.]
597,[308.]
598,[256.]
599,[911.]
600,[185.]
601,[457.]
602,[911.]
603,[911.]
604,[911.]
605,[727.]
606,[423.]
607,[911.]
608,[911.]
609,[911.]
610,[212.]
611,[947.]
612,[911.]
613,[911.]
614,[330.]
615,[911.]
616,[179.]
617,[911.]
618,[911.]
619,[343.]
620,[198.]
621,[911.]
622,[911.]
623,[911.]
624,[911.]
625,[633.]
626,[454.]
627,[911.]
628,[392.]
629,[128.]
630,[293.]
631,[911.]
632,[689.]
633,[179.]
634,[192.]
635,[911.]
636,[911.]
637,[911.]
638,[732.]
639,[373.]
640,[280.]
641,[227.]
642,[834.]
643,[301.]
644,[911.]
645,[114.]
646,[324.]
647,[615.]
648,[615.]
649,[188.]
650,[167.]
651,[139.]
652,[911.]
653,[373.]
654,[596.]
655,[911.]
656,[283.]
657,[911.]
658,[911.]
659,[911.]
660,[911.]
661,[911.]
662,[554.]
663,[911.]
664,[147.]
665,[911.]
666,[571.]
667,[911.]
668,[911.]
669,[397.]
670,[911.]
671,[678.]
672,[911.]
673,[167.]
674,[690.]
675,[234.]
676,[286.]
677,[895.]
678,[911.]
679,[911.]
680,[911.]
681,[517.]
682,[911.]
683,[911.]
684,[911.]
685,[911.]
686,[911.]
687,[425.]
688,[911.]
689,[257.]
690,[911.]
691,[144.]
692,[241.]
693,[119.]
694,[911.]
695,[212.]
696,[259.]
697,[911.]
698,[911.]
699,[511.]
700,[516.]
701,[127.]
702,[140.]
703,[911.]
704,[384.]
705,[171.]
706,[127.]
707,[301.]
708,[645.]
709,[237.]
710,[844.]
711,[911.]
712,[546.]
713,[911.]
714,[911.]
715,[911.]
716,[911.]
717,[223.]
718,[911.]
719,[692.]
720,[911.]
721,[259.]
722,[829.]
723,[911.]
724,[911.]
725,[595.]
726,[911.]
727,[911.]
728,[911.]
729,[409.]
730,[911.]
731,[146.]
732,[331.]
733,[911.]
734,[130.]
735,[405.]
736,[911.]
737,[911.]
738,[186.]
739,[911.]
740,[911.]
741,[479.]
742,[911.]
743,[384.]
744,[911.]
745,[150.]
746,[157.]
747,[476.]
748,[911.]
749,[128.]
750,[360.]
751,[161.]
752,[911.]
753,[911.]
754,[911.]
755,[911.]
756,[647.]
757,[911.]
758,[501.]
759,[142.]
760,[129.]
761,[911.]
762,[911.]
763,[362.]
764,[911.]
765,[595.]
766,[179.]
767,[667.]
768,[681.]
769,[911.]
770,[149.]
771,[911.]
772,[282.]
773,[234.]
774,[911.]
775,[550.]
776,[911.]
777,[911.]
778,[911.]
779,[911.]
780,[911.]
781,[911.]
782,[911.]
783,[911.]
784,[911.]
785,[911.]
786,[911.]
787,[197.]
788,[911.]
789,[623.]
790,[483.]
791,[543.]
792,[911.]
793,[911.]
794,[132.]
795,[307.]
796,[911.]
797,[911.]
798,[911.]
799,[234.]
800,[311.]
801,[911.]
802,[419.]
803,[182.]
804,[220.]
805,[285.]
806,[911.]
807,[94.]
808,[254.]
809,[923.]
810,[911.]
811,[911.]
812,[263.]
813,[314.]
814,[911.]
815,[911.]
816,[911.]
817,[911.]
818,[374.]
819,[911.]
820,[911.]
821,[221.]
822,[911.]
823,[911.]
824,[375.]
825,[289.]
826,[911.]
827,[322.]
828,[179.]
829,[458.]
830,[208.]
831,[911.]
832,[268.]
833,[911.]
834,[911.]
835,[911.]
836,[911.]
837,[152.]
838,[155.]
839,[911.]
840,[911.]
841,[236.]
842,[911.]
843,[911.]
844,[546.]
845,[209.]
846,[335.]
847,[182.]
848,[538.]
849,[911.]
850,[229.]
851,[184.]
852,[911.]
853,[172.]
854,[911.]
855,[138.]
856,[911.]
857,[911.]
858,[911.]
859,[911.]
860,[911.]
861,[617.]
862,[295.]
863,[410.]
864,[430.]
865,[911.]
866,[676.]
867,[911.]
868,[911.]
869,[911.]
870,[303.]
871,[911.]
872,[190.]
873,[911.]
874,[212.]
875,[911.]
876,[911.]
877,[502.]
878,[911.]
879,[911.]
880,[911.]
881,[385.]
882,[911.]
883,[537.]
884,[259.]
885,[911.]
886,[911.]
887,[911.]
888,[911.]
889,[199.]
890,[911.]
891,[911.]
892,[335.]
893,[911.]
894,[911.]
895,[911.]
896,[911.]
897,[911.]
898,[185.]
899,[756.]
900,[911.]
901,[281.]
902,[469.]
903,[157.]
904,[911.]
905,[911.]
906,[267.]
907,[185.]
908,[911.]
909,[911.]
910,[801.]
911,[911.]
912,[428.]
913,[911.]
914,[911.]
915,[138.]
916,[91.]
917,[711.]
918,[911.]
919,[911.]
920,[911.]
921,[911.]
922,[911.]
923,[217.]
924,[911.]
925,[911.]
926,[334.]
927,[911.]
928,[1154.]
929,[911.]
930,[154.]
931,[911.]
932,[911.]
933,[305.]
934,[911.]
935,[911.]
936,[299.]
937,[911.]
938,[646.]
939,[911.]
940,[911.]
941,[134.]
942,[397.]
943,[164.]
944,[911.]
945,[185.]
946,[911.]
947,[228.]
948,[243.]
949,[174.]
950,[403.]
951,[911.]
952,[911.]
953,[378.]
954,[300.]
955,[181.]
956,[168.]
957,[911.]
958,[221.]
959,[911.]
960,[911.]
961,[1065.]
962,[667.]
963,[910.]
964,[279.]
965,[911.]
966,[419.]
967,[911.]
968,[911.]
969,[170.]
970,[911.]
971,[911.]
972,[911.]
973,[911.]
974,[402.]
975,[175.]
976,[911.]
977,[170.]
978,[666.]
979,[911.]
980,[1783.]
981,[911.]
982,[501.]
983,[911.]
984,[506.]
985,[911.]
986,[475.]
987,[649.]
988,[263.]
989,[911.]
990,[120.]
991,[285.]
992,[911.]
993,[911.]
994,[127.]
995,[911.]
996,[230.]
997,[212.]
998,[911.]
999,[911.]
1000,[337.]
1001,[560.]
1002,[334.]
1003,[911.]
1004,[271.]
1005,[911.]
1006,[208.]
1007,[147.]
1008,[911.]
1009,[1385.]
1010,[595.]
1011,[911.]
1012,[911.]
1013,[911.]
1014,[155.]
1015,[274.]
1016,[266.]
1017,[911.]
1018,[205.]
1019,[710.]
1020,[524.]
1021,[364.]
1022,[207.]
1023,[911.]
1024,[911.]
1025,[142.]
1026,[911.]
1027,[468.]
1028,[1473.]
1029,[911.]
1030,[911.]
1031,[911.]
1032,[911.]
1033,[911.]
1034,[166.]
1035,[136.]
1036,[911.]
1037,[911.]
1038,[230.]
1039,[829.]
1040,[911.]
1041,[450.]
1042,[911.]
1043,[911.]
1044,[911.]
1045,[724.]
1046,[225.]
1047,[390.]
1048,[421.]
1049,[911.]
1050,[519.]
1051,[138.]
1052,[179.]
1053,[911.]
1054,[118.]
1055,[143.]
1056,[139.]
1057,[911.]
1058,[911.]
1059,[911.]
1060,[911.]
1061,[226.]
1062,[400.]
1063,[188.]
1064,[911.]
1065,[941.]
1066,[911.]
1067,[911.]
1068,[1199.]
1069,[177.]
1070,[360.]
1071,[911.]
1072,[182.]
1073,[861.]
1074,[443.]
1075,[911.]
1076,[329.]
1077,[422.]
1078,[678.]
1079,[911.]
1080,[911.]
1081,[158.]
1082,[806.]
1083,[911.]
1084,[911.]
1085,[911.]
1086,[509.]
1087,[165.]
1088,[911.]
1089,[911.]
1090,[911.]
1091,[142.]
1092,[911.]
1093,[190.]
1094,[911.]
1095,[911.]
1096,[911.]
1097,[750.]
1098,[911.]
1099,[911.]
1100,[454.]
1101,[616.]
1102,[802.]
1103,[215.]
1104,[911.]
1105,[911.]
1106,[251.]
1107,[911.]
1108,[196.]
1109,[160.]
1110,[911.]
1111,[911.]
1112,[911.]
1113,[911.]
1114,[911.]
1115,[911.]
1116,[911.]
1117,[475.]
1118,[205.]
1119,[850.]
1120,[911.]
1121,[524.]
1122,[273.]
1123,[911.]
1124,[911.]
1125,[296.]
1126,[184.]
1127,[911.]
1128,[190.]
1129,[266.]
1130,[234.]
1131,[135.]
1132,[911.]
1133,[911.]
1134,[723.]
1135,[312.]
1136,[290.]
1137,[264.]
1138,[911.]
1139,[911.]
1140,[152.]
1141,[186.]
1142,[911.]
1143,[911.]
1144,[911.]
1145,[911.]
1146,[911.]
1147,[387.]
1148,[911.]
1149,[405.]
1150,[911.]
1151,[185.]
1152,[911.]
1153,[216.]
1154,[142.]
1155,[133.]
1156,[167.]
1157,[911.]
1158,[911.]
1159,[911.]
1160,[911.]
1161,[911.]
1162,[911.]
1163,[911.]
1164,[233.]
1165,[165.]
1166,[911.]
1167,[100.]
1168,[878.]
1169,[145.]
1170,[456.]
1171,[911.]
1172,[480.]
1173,[636.]
1174,[203.]
1175,[320.]
1176,[995.]
1177,[911.]
1178,[822.]
1179,[911.]
1180,[176.]
1181,[911.]
1182,[911.]
1183,[911.]
1184,[911.]
1185,[140.]
1186,[911.]
1187,[911.]
1188,[911.]
1189,[911.]
1190,[911.]
1191,[590.]
1192,[163.]
1193,[911.]
1194,[334.]
1195,[454.]
1196,[911.]
1197,[911.]
1198,[911.]
1199,[911.]
1200,[911.]
1201,[911.]
1202,[549.]
1203,[805.]
1204,[911.]
1205,[911.]
1206,[148.]
1207,[911.]
1208,[911.]
1209,[267.]
1210,[184.]
1211,[492.]
1212,[911.]
1213,[265.]
1214,[911.]
1215,[291.]
1216,[177.]
1217,[190.]
1218,[656.]
1219,[911.]
1220,[911.]
1221,[265.]
1222,[911.]
1223,[501.]
1224,[311.]
1225,[301.]
1226,[166.]
1227,[911.]
1228,[911.]
1229,[911.]
1230,[911.]
1231,[393.]
1232,[911.]
1233,[911.]
1234,[839.]
1235,[911.]
1236,[644.]
1237,[430.]
1238,[137.]
1239,[911.]
1240,[911.]
1241,[911.]
1242,[504.]
1243,[911.]
1244,[911.]
1245,[911.]
1246,[911.]
1247,[911.]
1248,[171.]
1249,[191.]
1250,[481.]
1251,[127.]
1252,[125.]
1253,[346.]
1254,[531.]
1255,[911.]
1256,[911.]
1257,[911.]
1258,[911.]
1259,[911.]
1260,[472.]
1261,[911.]
1262,[911.]
1263,[334.]
1264,[347.]
1265,[410.]
1266,[911.]
1267,[911.]
1268,[836.]
1269,[911.]
1270,[911.]
1271,[911.]
1272,[456.]
1273,[911.]
1274,[911.]
1275,[911.]
1276,[613.]
1277,[391.]
1278,[911.]
1279,[488.]
1280,[407.]
1281,[911.]
1282,[911.]
1283,[202.]
1284,[911.]
1285,[812.]
1286,[241.]
1287,[778.]
1288,[681.]
1289,[911.]
1290,[502.]
1291,[613.]
1292,[911.]
1293,[653.]
1294,[190.]
1295,[196.]
1296,[329.]
1297,[911.]
1298,[167.]
1299,[967.]
1300,[222.]
1301,[150.]
1302,[500.]
1303,[911.]
1304,[145.]
1305,[161.]
1306,[196.]
1307,[911.]
1308,[911.]
1309,[911.]
1310,[480.]
1311,[187.]
1312,[432.]
1313,[518.]
1314,[208.]
1315,[911.]
1316,[285.]
1317,[911.]
1318,[235.]
1319,[911.]
1320,[911.]
1321,[911.]
1322,[382.]
1323,[327.]
1324,[911.]
1325,[675.]
1326,[278.]
1327,[911.]
1328,[911.]
1329,[277.]
1330,[366.]
1331,[577.]
1332,[911.]
1333,[911.]
1334,[911.]
1335,[241.]
1336,[911.]
1337,[911.]
1338,[335.]
1339,[330.]
1340,[911.]
1341,[155.]
1342,[911.]
1343,[911.]
1344,[299.]
1345,[280.]
1346,[911.]
1347,[160.]
1348,[911.]
1349,[911.]
1350,[377.]
1351,[292.]
1352,[404.]
1353,[911.]
1354,[911.]
1355,[228.]
1356,[911.]
1357,[157.]
1358,[170.]
1359,[911.]
1360,[911.]
1361,[551.]
1362,[145.]
1363,[911.]
1364,[252.]
1365,[237.]
1366,[911.]
1367,[911.]
1368,[911.]
1369,[144.]
1370,[911.]
1371,[911.]
1372,[911.]
1373,[957.]
1374,[314.]
1375,[911.]
1376,[529.]
1377,[911.]
1378,[911.]
1379,[911.]
1380,[911.]
1381,[139.]
1382,[234.]
1383,[911.]
1384,[833.]
1385,[911.]
1386,[599.]
1387,[198.]
1388,[180.]
1389,[911.]
1390,[911.]
1391,[413.]
1392,[144.]
1393,[911.]
1394,[197.]
1395,[911.]
1396,[452.]
1397,[911.]
1398,[911.]
1399,[135.]
1400,[366.]
1401,[911.]
1402,[244.]
1403,[309.]
1404,[301.]
1405,[210.]
1406,[459.]
1407,[911.]
1408,[911.]
1409,[911.]
1410,[224.]
1411,[568.]
1412,[254.]
1413,[309.]
1414,[911.]
1415,[911.]
1416,[911.]
1417,[911.]
1418,[110.]
1419,[236.]
1420,[219.]
1421,[346.]
1422,[711.]
1423,[911.]
1424,[742.]
1425,[315.]
1426,[911.]
1427,[800.]
1428,[713.]
1429,[636.]
1430,[223.]
1431,[215.]
1432,[136.]
1433,[277.]
1434,[911.]
1435,[423.]
1436,[911.]
1437,[911.]
1438,[247.]
1439,[333.]
1440,[843.]
1441,[911.]
1442,[381.]
1443,[422.]
1444,[911.]
1445,[911.]
1446,[911.]
1447,[345.]
1448,[911.]
1449,[911.]
1450,[911.]
1451,[911.]
1452,[406.]
1453,[911.]
1454,[130.]
1455,[911.]
1456,[911.]
1457,[151.]
1458,[526.]
1459,[911.]
1460,[911.]
1461,[353.]
1462,[911.]
1463,[142.]
1464,[787.]
1465,[373.]
1466,[911.]
1467,[911.]
1468,[911.]
1469,[213.]
1470,[911.]
1471,[911.]
1472,[235.]
1473,[911.]
1474,[911.]
1475,[911.]
1476,[911.]
1477,[304.]
1478,[331.]
1479,[202.]
1480,[911.]
1481,[911.]
1482,[911.]
1483,[911.]
1484,[282.]
1485,[206.]
1486,[688.]
1487,[911.]
1488,[911.]
1489,[198.]
1490,[911.]
1491,[911.]
1492,[911.]
1493,[911.]
1494,[157.]
1495,[911.]
1496,[911.]
1497,[911.]
1498,[233.]
1499,[706.]
1500,[911.]
1501,[911.]
1502,[911.]
1503,[911.]
1504,[252.]
1505,[188.]
1506,[911.]
1507,[911.]
1508,[767.]
1509,[911.]
1510,[662.]
1511,[285.]
1512,[911.]
1513,[911.]
1514,[911.]
1515,[911.]
1516,[911.]
1517,[911.]
1518,[435.]
1519,[1004.]
1520,[911.]
1521,[334.]
1522,[911.]
1523,[924.]
1524,[214.]
1525,[947.]
1526,[911.]
1527,[123.]
1528,[121.]
1529,[911.]
1530,[911.]
1531,[911.]
1532,[911.]
1533,[167.]
1534,[911.]
1535,[911.]
1536,[153.]
1537,[178.]
1538,[911.]
1539,[159.]
1540,[911.]
1541,[213.]
1542,[341.]
1543,[911.]
1544,[911.]
1545,[235.]
1546,[128.]
1547,[911.]
1548,[597.]
1549,[235.]
1550,[742.]
1551,[484.]
1552,[157.]
1553,[302.]
1554,[911.]
1555,[911.]
1556,[350.]
1557,[106.]
1558,[193.]
1559,[911.]
1560,[159.]
1561,[140.]
1562,[911.]
1563,[911.]
1564,[911.]
1565,[911.]
1566,[911.]
1567,[911.]
1568,[625.]
1569,[911.]
1570,[360.]
1571,[911.]
1572,[911.]
1573,[678.]
1574,[911.]
1575,[222.]
1576,[110.]
1577,[264.]
1578,[215.]
1579,[139.]
1580,[841.]
1581,[911.]
1582,[123.]
1583,[911.]
1584,[159.]
1585,[368.]
1586,[911.]
1587,[911.]
1588,[609.]
1589,[911.]
1590,[633.]
1591,[911.]
1592,[257.]
1593,[159.]
1594,[461.]
1595,[911.]
1596,[911.]
1597,[911.]
1598,[789.]
1599,[911.]
1600,[911.]
1601,[123.]
1602,[763.]
1603,[911.]
1604,[911.]
1605,[911.]
1606,[271.]
1607,[317.]
1608,[292.]
1609,[911.]
1610,[911.]
1611,[911.]
1612,[449.]
1613,[147.]
1614,[222.]
1615,[145.]
1616,[911.]
1617,[911.]
1618,[262.]
1619,[411.]
1620,[379.]
1621,[140.]
1622,[911.]
1623,[911.]
1624,[162.]
1625,[242.]
1626,[231.]
1627,[911.]
1628,[735.]
1629,[503.]
1630,[527.]
1631,[357.]
1632,[90.]
1633,[911.]
1634,[179.]
1635,[911.]
1636,[911.]
1637,[911.]
1638,[911.]
1639,[911.]
1640,[911.]
1641,[694.]
1642,[911.]
1643,[911.]
1644,[296.]
1645,[268.]
1646,[292.]
1647,[452.]
1648,[911.]
1649,[342.]
1650,[204.]
1651,[911.]
1652,[1209.]
1653,[911.]
1654,[911.]
1655,[540.]
1656,[911.]
1657,[911.]
1658,[911.]
1659,[911.]
1660,[810.]
1661,[911.]
1662,[911.]
1663,[911.]
1664,[340.]
1665,[911.]
1666,[911.]
1667,[876.]
1668,[911.]
1669,[911.]
1670,[155.]
1671,[911.]
1672,[519.]
1673,[194.]
1674,[911.]
1675,[911.]
1676,[163.]
1677,[120.]
1678,[911.]
1679,[911.]
1680,[911.]
1681,[646.]
1682,[305.]
1683,[672.]
1684,[205.]
1685,[911.]
1686,[152.]
1687,[409.]
1688,[173.]
1689,[911.]
1690,[148.]
1691,[187.]
1692,[911.]
1693,[202.]
1694,[911.]
1695,[281.]
1696,[366.]
1697,[911.]
1698,[240.]
1699,[911.]
1700,[911.]
1701,[911.]
1702,[911.]
1703,[336.]
1704,[911.]
1705,[911.]
1706,[762.]
1707,[911.]
1708,[911.]
1709,[911.]
1710,[302.]
1711,[606.]
1712,[911.]
1713,[345.]
1714,[464.]
1715,[220.]
1716,[280.]
1717,[171.]
1718,[238.]
1719,[306.]
1720,[259.]
1721,[379.]
1722,[443.]
1723,[911.]
1724,[275.]
1725,[911.]
1726,[988.]
1727,[911.]
1728,[911.]
1729,[228.]
1730,[813.]
1731,[188.]
1732,[911.]
1733,[349.]
1734,[400.]
1735,[511.]
1736,[911.]
1737,[535.]
1738,[911.]
1739,[121.]
1740,[911.]
1741,[356.]
1742,[911.]
1743,[911.]
1744,[298.]
1745,[868.]
1746,[177.]
1747,[911.]
1748,[911.]
1749,[911.]
1750,[911.]
1751,[176.]
1752,[911.]
1753,[911.]
1754,[717.]
1755,[436.]
1756,[911.]
1757,[911.]
1758,[554.]
1759,[231.]
1760,[911.]
1761,[211.]
1762,[304.]
1763,[911.]
1764,[911.]
1765,[911.]
1766,[911.]
1767,[155.]
1768,[911.]
1769,[677.]
1770,[911.]
1771,[911.]
1772,[911.]
1773,[239.]
1774,[417.]
1775,[911.]
1776,[494.]
1777,[911.]
1778,[212.]
1779,[713.]
1780,[773.]
1781,[911.]
1782,[911.]
1783,[605.]
1784,[245.]
1785,[165.]
1786,[911.]
1787,[767.]
1788,[133.]
1789,[489.]
1790,[911.]
1791,[911.]
1792,[285.]
1793,[911.]
1794,[481.]
1795,[179.]
1796,[911.]
1797,[911.]
1798,[631.]
1799,[490.]
1800,[911.]
1801,[911.]
1802,[169.]
1803,[911.]
1804,[175.]
1805,[142.]
1806,[740.]
1807,[911.]
1808,[911.]
1809,[911.]
1810,[911.]
1811,[146.]
1812,[254.]
1813,[911.]
1814,[911.]
1815,[911.]
1816,[911.]
1817,[911.]
1818,[969.]
1819,[739.]
1820,[258.]
1821,[256.]
1822,[911.]
1823,[911.]
1824,[911.]
1825,[911.]
1826,[247.]
1827,[911.]
1828,[911.]
1829,[911.]
1830,[508.]
1831,[559.]
1832,[217.]
1833,[911.]
1834,[911.]
1835,[644.]
1836,[501.]
1837,[911.]
1838,[142.]
1839,[911.]
1840,[204.]
1841,[911.]
1842,[911.]
1843,[911.]
1844,[118.]
1845,[911.]
1846,[911.]
1847,[314.]
1848,[911.]
1849,[117.]
1850,[288.]
1851,[911.]
1852,[921.]
1853,[165.]
1854,[440.]
1855,[219.]
1856,[911.]
1857,[911.]
1858,[627.]
1859,[384.]
1860,[309.]
1861,[911.]
1862,[911.]
1863,[911.]
1864,[911.]
1865,[911.]
1866,[198.]
1867,[911.]
1868,[635.]
1869,[911.]
1870,[911.]
1871,[911.]
1872,[911.]
1873,[267.]
1874,[106.]
1875,[121.]
1876,[339.]
1877,[911.]
1878,[442.]
1879,[214.]
1880,[911.]
1881,[911.]
1882,[911.]
1883,[911.]
1884,[696.]
1885,[103.]
1886,[660.]
1887,[224.]
1888,[911.]
1889,[225.]
1890,[911.]
1891,[208.]
1892,[96.]
1893,[911.]
1894,[153.]
1895,[911.]
1896,[911.]
1897,[911.]
1898,[911.]
1899,[203.]
1900,[911.]
1901,[665.]
1902,[133.]
1903,[172.]
1904,[911.]
1905,[911.]
1906,[194.]
1907,[321.]
1908,[911.]
1909,[911.]
1910,[552.]
1911,[430.]
1912,[911.]
1913,[911.]
1914,[911.]
1915,[911.]
1916,[541.]
1917,[911.]
1918,[911.]
1919,[262.]
1920,[101.]
1921,[911.]
1922,[911.]
1923,[191.]
1924,[578.]
1925,[249.]
1926,[911.]
1927,[911.]
1928,[911.]
1929,[911.]
1930,[282.]
1931,[911.]
1932,[669.]
1933,[911.]
1934,[911.]
1935,[911.]
1936,[911.]
1937,[911.]
1938,[911.]
1939,[252.]
1940,[911.]
1941,[629.]
1942,[283.]
1943,[911.]
1944,[911.]
1945,[593.]
1946,[911.]
1947,[646.]
1948,[276.]
1949,[107.]
1950,[911.]
1951,[353.]
1952,[414.]
1953,[247.]
1954,[173.]
1955,[212.]
1956,[911.]
1957,[911.]
1958,[139.]
1959,[245.]
1960,[911.]
1961,[506.]
1962,[911.]
1963,[183.]
1964,[911.]
1965,[911.]
1966,[911.]
1967,[416.]
1968,[961.]
1969,[911.]
1970,[911.]
1971,[911.]
1972,[911.]
1973,[911.]
1974,[911.]
1975,[911.]
1976,[911.]
1977,[454.]
1978,[911.]
1979,[911.]
1980,[911.]
1981,[911.]
1982,[195.]
1983,[146.]
1984,[235.]
1985,[911.]
1986,[619.]
1987,[911.]
1988,[611.]
1989,[911.]
1990,[911.]
1991,[711.]
1992,[911.]
1993,[911.]
1994,[391.]
1995,[153.]
1996,[911.]
1997,[190.]
1998,[911.]
1999,[911.]
2000,[911.]
