Episodio,Puntaje
1,[607.]
2,[307.]
3,[636.]
4,[653.]
5,[538.]
6,[307.]
7,[307.]
8,[520.]
9,[627.]
10,[307.]
11,[614.]
12,[467.]
13,[577.]
14,[548.]
15,[387.]
16,[307.]
17,[387.]
18,[427.]
19,[427.]
20,[387.]
21,[584.]
22,[403.]
23,[603.]
24,[307.]
25,[427.]
26,[657.]
27,[307.]
28,[507.]
29,[347.]
30,[579.]
31,[619.]
32,[427.]
33,[403.]
34,[613.]
35,[387.]
36,[519.]
37,[422.]
38,[387.]
39,[499.]
40,[467.]
41,[403.]
42,[307.]
43,[307.]
44,[425.]
45,[579.]
46,[403.]
47,[347.]
48,[307.]
49,[467.]
50,[307.]
51,[387.]
52,[387.]
53,[586.]
54,[387.]
55,[387.]
56,[638.]
57,[747.]
58,[503.]
59,[547.]
60,[603.]
61,[523.]
62,[387.]
63,[347.]
64,[307.]
65,[427.]
66,[427.]
67,[465.]
68,[307.]
69,[307.]
70,[307.]
71,[403.]
72,[496.]
73,[307.]
74,[307.]
75,[387.]
76,[307.]
77,[533.]
78,[307.]
79,[403.]
80,[403.]
81,[387.]
82,[387.]
83,[307.]
84,[307.]
85,[387.]
86,[547.]
87,[307.]
88,[347.]
89,[523.]
90,[307.]
91,[467.]
92,[492.]
93,[307.]
94,[467.]
95,[307.]
96,[427.]
97,[547.]
98,[307.]
99,[811.]
100,[307.]
101,[387.]
102,[347.]
103,[587.]
104,[347.]
105,[387.]
106,[523.]
107,[387.]
108,[416.]
109,[541.]
110,[412.]
111,[508.]
112,[307.]
113,[307.]
114,[403.]
115,[462.]
116,[307.]
117,[307.]
118,[507.]
119,[427.]
120,[523.]
121,[483.]
122,[734.]
123,[443.]
124,[307.]
125,[450.]
126,[523.]
127,[307.]
128,[499.]
129,[427.]
130,[584.]
131,[467.]
132,[307.]
133,[307.]
134,[307.]
135,[427.]
136,[427.]
137,[467.]
138,[307.]
139,[494.]
140,[307.]
141,[347.]
142,[507.]
143,[499.]
144,[427.]
145,[605.]
146,[507.]
147,[307.]
148,[426.]
149,[507.]
150,[307.]
151,[307.]
152,[403.]
153,[403.]
154,[510.]
155,[387.]
156,[347.]
157,[538.]
158,[515.]
159,[307.]
160,[483.]
161,[387.]
162,[654.]
163,[628.]
164,[387.]
165,[467.]
166,[443.]
167,[499.]
168,[539.]
169,[403.]
170,[307.]
171,[427.]
172,[307.]
173,[425.]
174,[547.]
175,[307.]
176,[534.]
177,[483.]
178,[387.]
179,[427.]
180,[347.]
181,[387.]
182,[387.]
183,[483.]
184,[403.]
185,[427.]
186,[467.]
187,[646.]
188,[307.]
189,[443.]
190,[802.]
191,[307.]
192,[307.]
193,[489.]
194,[603.]
195,[517.]
196,[427.]
197,[523.]
198,[387.]
199,[307.]
200,[387.]
201,[403.]
202,[499.]
203,[387.]
204,[627.]
205,[307.]
206,[347.]
207,[579.]
208,[427.]
209,[452.]
210,[499.]
211,[387.]
212,[599.]
213,[307.]
214,[627.]
215,[620.]
216,[427.]
217,[503.]
218,[387.]
219,[347.]
220,[654.]
221,[307.]
222,[347.]
223,[538.]
224,[387.]
225,[387.]
226,[526.]
227,[427.]
228,[307.]
229,[427.]
230,[307.]
231,[1400.]
232,[387.]
233,[427.]
234,[427.]
235,[387.]
236,[307.]
237,[307.]
238,[587.]
239,[1138.]
240,[387.]
241,[1091.]
242,[387.]
243,[539.]
244,[387.]
245,[307.]
246,[447.]
247,[403.]
248,[547.]
249,[443.]
250,[307.]
251,[547.]
252,[307.]
253,[387.]
254,[307.]
255,[424.]
256,[307.]
257,[347.]
258,[387.]
259,[587.]
260,[507.]
261,[403.]
262,[499.]
263,[307.]
264,[539.]
265,[619.]
266,[544.]
267,[387.]
268,[499.]
269,[413.]
270,[507.]
271,[403.]
272,[417.]
273,[307.]
274,[307.]
275,[499.]
276,[427.]
277,[403.]
278,[696.]
279,[403.]
280,[483.]
281,[403.]
282,[520.]
283,[307.]
284,[507.]
285,[427.]
286,[467.]
287,[446.]
288,[625.]
289,[387.]
290,[307.]
291,[585.]
292,[507.]
293,[483.]
294,[483.]
295,[307.]
296,[626.]
297,[307.]
298,[514.]
299,[644.]
300,[387.]
301,[307.]
302,[1154.]
303,[483.]
304,[387.]
305,[618.]
306,[307.]
307,[387.]
308,[307.]
309,[580.]
310,[307.]
311,[307.]
312,[467.]
313,[307.]
314,[307.]
315,[507.]
316,[507.]
317,[443.]
318,[387.]
319,[387.]
320,[387.]
321,[638.]
322,[483.]
323,[307.]
324,[524.]
325,[483.]
326,[307.]
327,[826.]
328,[483.]
329,[387.]
330,[307.]
331,[443.]
332,[503.]
333,[547.]
334,[307.]
335,[563.]
336,[347.]
337,[550.]
338,[427.]
339,[427.]
340,[307.]
341,[347.]
342,[523.]
343,[507.]
344,[637.]
345,[467.]
346,[403.]
347,[616.]
348,[499.]
349,[307.]
350,[483.]
351,[507.]
352,[524.]
353,[419.]
354,[427.]
355,[587.]
356,[387.]
357,[387.]
358,[483.]
359,[620.]
360,[427.]
361,[418.]
362,[403.]
363,[579.]
364,[387.]
365,[523.]
366,[659.]
367,[427.]
368,[403.]
369,[539.]
370,[587.]
371,[530.]
372,[403.]
373,[403.]
374,[307.]
375,[387.]
376,[615.]
377,[307.]
378,[427.]
379,[403.]
380,[387.]
381,[499.]
382,[483.]
383,[387.]
384,[899.]
385,[584.]
386,[409.]
387,[427.]
388,[307.]
389,[1381.]
390,[622.]
391,[483.]
392,[597.]
393,[467.]
394,[467.]
395,[307.]
396,[570.]
397,[507.]
398,[403.]
399,[347.]
400,[760.]
401,[427.]
402,[576.]
403,[307.]
404,[387.]
405,[307.]
406,[587.]
407,[467.]
408,[403.]
409,[594.]
410,[307.]
411,[387.]
412,[602.]
413,[681.]
414,[621.]
415,[387.]
416,[347.]
417,[403.]
418,[307.]
419,[387.]
420,[420.]
421,[307.]
422,[307.]
423,[523.]
424,[411.]
425,[507.]
426,[547.]
427,[403.]
428,[405.]
429,[307.]
430,[403.]
431,[403.]
432,[307.]
433,[307.]
434,[693.]
435,[387.]
436,[307.]
437,[403.]
438,[387.]
439,[427.]
440,[643.]
441,[427.]
442,[483.]
443,[387.]
444,[387.]
445,[444.]
446,[387.]
447,[661.]
448,[427.]
449,[404.]
450,[387.]
451,[427.]
452,[307.]
453,[387.]
454,[347.]
455,[307.]
456,[307.]
457,[532.]
458,[403.]
459,[307.]
460,[427.]
461,[619.]
462,[387.]
463,[387.]
464,[387.]
465,[387.]
466,[624.]
467,[387.]
468,[387.]
469,[403.]
470,[403.]
471,[483.]
472,[507.]
473,[307.]
474,[403.]
475,[387.]
476,[403.]
477,[307.]
478,[403.]
479,[559.]
480,[450.]
481,[387.]
482,[898.]
483,[616.]
484,[307.]
485,[307.]
486,[307.]
487,[307.]
488,[387.]
489,[467.]
490,[467.]
491,[307.]
492,[678.]
493,[467.]
494,[547.]
495,[619.]
496,[731.]
497,[307.]
498,[547.]
499,[387.]
500,[628.]
501,[387.]
502,[427.]
503,[531.]
504,[307.]
505,[307.]
506,[427.]
507,[403.]
508,[457.]
509,[347.]
510,[387.]
511,[403.]
512,[427.]
513,[427.]
514,[427.]
515,[572.]
516,[427.]
517,[507.]
518,[518.]
519,[507.]
520,[307.]
521,[547.]
522,[387.]
523,[497.]
524,[523.]
525,[403.]
526,[307.]
527,[507.]
528,[427.]
529,[387.]
530,[387.]
531,[307.]
532,[523.]
533,[307.]
534,[525.]
535,[483.]
536,[427.]
537,[427.]
538,[720.]
539,[307.]
540,[426.]
541,[307.]
542,[427.]
543,[403.]
544,[403.]
545,[625.]
546,[484.]
547,[547.]
548,[307.]
549,[499.]
550,[547.]
551,[387.]
552,[403.]
553,[418.]
554,[467.]
555,[405.]
556,[463.]
557,[307.]
558,[307.]
559,[499.]
560,[427.]
561,[541.]
562,[499.]
563,[579.]
564,[403.]
565,[507.]
566,[307.]
567,[387.]
568,[427.]
569,[307.]
570,[387.]
571,[575.]
572,[507.]
573,[307.]
574,[547.]
575,[307.]
576,[427.]
577,[483.]
578,[543.]
579,[387.]
580,[387.]
581,[629.]
582,[731.]
583,[427.]
584,[347.]
585,[783.]
586,[387.]
587,[387.]
588,[483.]
589,[307.]
590,[403.]
591,[483.]
592,[675.]
593,[403.]
594,[427.]
595,[587.]
596,[483.]
597,[307.]
598,[307.]
599,[712.]
600,[403.]
601,[307.]
602,[387.]
603,[307.]
604,[347.]
605,[1493.]
606,[307.]
607,[387.]
608,[403.]
609,[612.]
610,[522.]
611,[427.]
612,[427.]
613,[540.]
614,[499.]
615,[307.]
616,[427.]
617,[619.]
618,[307.]
619,[500.]
620,[347.]
621,[483.]
622,[387.]
623,[544.]
624,[625.]
625,[483.]
626,[427.]
627,[387.]
628,[547.]
629,[307.]
630,[427.]
631,[307.]
632,[403.]
633,[427.]
634,[531.]
635,[427.]
636,[307.]
637,[483.]
638,[307.]
639,[601.]
640,[307.]
641,[403.]
642,[387.]
643,[427.]
644,[427.]
645,[417.]
646,[387.]
647,[307.]
648,[499.]
649,[547.]
650,[403.]
651,[637.]
652,[427.]
653,[307.]
654,[307.]
655,[403.]
656,[819.]
657,[707.]
658,[605.]
659,[407.]
660,[427.]
661,[307.]
662,[493.]
663,[307.]
664,[523.]
665,[587.]
666,[387.]
667,[387.]
668,[307.]
669,[403.]
670,[494.]
671,[387.]
672,[307.]
673,[307.]
674,[307.]
675,[675.]
676,[587.]
677,[307.]
678,[507.]
679,[427.]
680,[427.]
681,[403.]
682,[510.]
683,[347.]
684,[463.]
685,[307.]
686,[427.]
687,[387.]
688,[403.]
689,[307.]
690,[307.]
691,[427.]
692,[499.]
693,[427.]
694,[403.]
695,[307.]
696,[307.]
697,[422.]
698,[547.]
699,[387.]
700,[443.]
701,[523.]
702,[546.]
703,[307.]
704,[387.]
705,[387.]
706,[664.]
707,[412.]
708,[347.]
709,[505.]
710,[347.]
711,[427.]
712,[499.]
713,[648.]
714,[403.]
715,[307.]
716,[523.]
717,[514.]
718,[427.]
719,[403.]
720,[307.]
721,[427.]
722,[403.]
723,[523.]
724,[427.]
725,[619.]
726,[307.]
727,[638.]
728,[347.]
729,[609.]
730,[387.]
731,[536.]
732,[427.]
733,[403.]
734,[576.]
735,[467.]
736,[483.]
737,[403.]
738,[799.]
739,[595.]
740,[523.]
741,[307.]
742,[523.]
743,[425.]
744,[533.]
745,[387.]
746,[347.]
747,[387.]
748,[387.]
749,[307.]
750,[697.]
751,[771.]
752,[547.]
753,[483.]
754,[619.]
755,[427.]
756,[666.]
757,[619.]
758,[307.]
759,[307.]
760,[649.]
761,[307.]
762,[427.]
763,[403.]
764,[387.]
765,[719.]
766,[563.]
767,[519.]
768,[387.]
769,[582.]
770,[411.]
771,[773.]
772,[499.]
773,[307.]
774,[427.]
775,[507.]
776,[467.]
777,[387.]
778,[347.]
779,[307.]
780,[427.]
781,[499.]
782,[507.]
783,[307.]
784,[443.]
785,[387.]
786,[502.]
787,[508.]
788,[427.]
789,[650.]
790,[347.]
791,[387.]
792,[414.]
793,[587.]
794,[426.]
795,[416.]
796,[307.]
797,[523.]
798,[499.]
799,[605.]
800,[563.]
801,[691.]
802,[307.]
803,[627.]
804,[387.]
805,[307.]
806,[307.]
807,[547.]
808,[387.]
809,[307.]
810,[403.]
811,[387.]
812,[307.]
813,[387.]
814,[403.]
815,[427.]
816,[387.]
817,[507.]
818,[427.]
819,[483.]
820,[587.]
821,[467.]
822,[307.]
823,[483.]
824,[403.]
825,[483.]
826,[307.]
827,[307.]
828,[409.]
829,[387.]
830,[307.]
831,[547.]
832,[387.]
833,[413.]
834,[730.]
835,[403.]
836,[347.]
837,[307.]
838,[307.]
839,[387.]
840,[307.]
841,[307.]
842,[427.]
843,[307.]
844,[527.]
845,[347.]
846,[579.]
847,[307.]
848,[874.]
849,[427.]
850,[307.]
851,[403.]
852,[421.]
853,[499.]
854,[509.]
855,[403.]
856,[730.]
857,[463.]
858,[387.]
859,[307.]
860,[403.]
861,[427.]
862,[414.]
863,[603.]
864,[547.]
865,[421.]
866,[467.]
867,[427.]
868,[387.]
869,[307.]
870,[387.]
871,[347.]
872,[635.]
873,[580.]
874,[523.]
875,[387.]
876,[547.]
877,[603.]
878,[347.]
879,[507.]
880,[483.]
881,[347.]
882,[427.]
883,[696.]
884,[582.]
885,[587.]
886,[420.]
887,[387.]
888,[512.]
889,[449.]
890,[501.]
891,[403.]
892,[643.]
893,[387.]
894,[427.]
895,[447.]
896,[622.]
897,[523.]
898,[547.]
899,[523.]
900,[307.]
901,[619.]
902,[447.]
903,[307.]
904,[307.]
905,[387.]
906,[579.]
907,[507.]
908,[467.]
909,[307.]
910,[409.]
911,[490.]
912,[407.]
913,[523.]
914,[307.]
915,[387.]
916,[517.]
917,[427.]
918,[653.]
919,[502.]
920,[688.]
921,[408.]
922,[403.]
923,[414.]
924,[426.]
925,[347.]
926,[411.]
927,[427.]
928,[463.]
929,[347.]
930,[586.]
931,[403.]
932,[307.]
933,[724.]
934,[427.]
935,[387.]
936,[483.]
937,[499.]
938,[547.]
939,[467.]
940,[403.]
941,[387.]
942,[502.]
943,[413.]
944,[483.]
945,[596.]
946,[733.]
947,[547.]
948,[467.]
949,[768.]
950,[418.]
951,[427.]
952,[403.]
953,[427.]
954,[307.]
955,[483.]
956,[307.]
957,[534.]
958,[307.]
959,[387.]
960,[307.]
961,[491.]
962,[424.]
963,[387.]
964,[534.]
965,[507.]
966,[427.]
967,[483.]
968,[347.]
969,[621.]
970,[483.]
971,[387.]
972,[387.]
973,[427.]
974,[537.]
975,[648.]
976,[387.]
977,[427.]
978,[307.]
979,[347.]
980,[507.]
981,[762.]
982,[507.]
983,[507.]
984,[422.]
985,[587.]
986,[523.]
987,[652.]
988,[690.]
989,[387.]
990,[307.]
991,[307.]
992,[427.]
993,[387.]
994,[523.]
995,[307.]
996,[347.]
997,[307.]
998,[623.]
999,[547.]
1000,[307.]
1001,[425.]
1002,[409.]
1003,[307.]
1004,[403.]
1005,[547.]
1006,[667.]
1007,[427.]
1008,[426.]
1009,[307.]
1010,[507.]
1011,[403.]
1012,[587.]
1013,[812.]
1014,[403.]
1015,[387.]
1016,[620.]
1017,[499.]
1018,[742.]
1019,[403.]
1020,[744.]
1021,[427.]
1022,[387.]
1023,[523.]
1024,[467.]
1025,[387.]
1026,[636.]
1027,[307.]
1028,[427.]
1029,[523.]
1030,[403.]
1031,[467.]
1032,[715.]
1033,[387.]
1034,[427.]
1035,[307.]
1036,[387.]
1037,[307.]
1038,[547.]
1039,[467.]
1040,[607.]
1041,[427.]
1042,[581.]
1043,[467.]
1044,[387.]
1045,[387.]
1046,[307.]
1047,[387.]
1048,[540.]
1049,[660.]
1050,[483.]
1051,[467.]
1052,[714.]
1053,[403.]
1054,[307.]
1055,[387.]
1056,[425.]
1057,[387.]
1058,[418.]
1059,[623.]
1060,[307.]
1061,[307.]
1062,[504.]
1063,[387.]
1064,[403.]
1065,[307.]
1066,[563.]
1067,[427.]
1068,[500.]
1069,[387.]
1070,[621.]
1071,[307.]
1072,[533.]
1073,[403.]
1074,[483.]
1075,[427.]
1076,[427.]
1077,[347.]
1078,[403.]
1079,[427.]
1080,[403.]
1081,[483.]
1082,[568.]
1083,[403.]
1084,[387.]
1085,[387.]
1086,[307.]
1087,[387.]
1088,[427.]
1089,[307.]
1090,[307.]
1091,[523.]
1092,[347.]
1093,[347.]
1094,[483.]
1095,[387.]
1096,[617.]
1097,[443.]
1098,[403.]
1099,[421.]
1100,[423.]
1101,[523.]
1102,[387.]
1103,[427.]
1104,[307.]
1105,[307.]
1106,[507.]
1107,[425.]
1108,[387.]
1109,[418.]
1110,[387.]
1111,[347.]
1112,[483.]
1113,[715.]
1114,[307.]
1115,[307.]
1116,[403.]
1117,[461.]
1118,[483.]
1119,[307.]
1120,[656.]
1121,[307.]
1122,[619.]
1123,[307.]
1124,[403.]
1125,[307.]
1126,[483.]
1127,[539.]
1128,[427.]
1129,[427.]
1130,[307.]
1131,[500.]
1132,[427.]
1133,[427.]
1134,[387.]
1135,[307.]
1136,[516.]
1137,[427.]
1138,[483.]
1139,[427.]
1140,[427.]
1141,[387.]
1142,[307.]
1143,[413.]
1144,[507.]
1145,[307.]
1146,[426.]
1147,[307.]
1148,[899.]
1149,[713.]
1150,[403.]
1151,[387.]
1152,[387.]
1153,[427.]
1154,[507.]
1155,[387.]
1156,[467.]
1157,[387.]
1158,[523.]
1159,[307.]
1160,[627.]
1161,[387.]
1162,[547.]
1163,[467.]
1164,[387.]
1165,[803.]
1166,[387.]
1167,[621.]
1168,[595.]
1169,[387.]
1170,[483.]
1171,[403.]
1172,[307.]
1173,[387.]
1174,[507.]
1175,[467.]
1176,[403.]
1177,[410.]
1178,[638.]
1179,[427.]
1180,[387.]
1181,[523.]
1182,[630.]
1183,[507.]
1184,[387.]
1185,[783.]
1186,[347.]
1187,[507.]
1188,[307.]
1189,[387.]
1190,[443.]
1191,[427.]
1192,[501.]
1193,[579.]
1194,[387.]
1195,[427.]
1196,[656.]
1197,[307.]
1198,[307.]
1199,[387.]
1200,[347.]
1201,[486.]
1202,[307.]
1203,[528.]
1204,[307.]
1205,[523.]
1206,[427.]
1207,[427.]
1208,[547.]
1209,[483.]
1210,[467.]
1211,[387.]
1212,[427.]
1213,[307.]
1214,[578.]
1215,[497.]
1216,[307.]
1217,[506.]
1218,[499.]
1219,[427.]
1220,[483.]
1221,[307.]
1222,[517.]
1223,[427.]
1224,[406.]
1225,[427.]
1226,[347.]
1227,[387.]
1228,[387.]
1229,[403.]
1230,[403.]
1231,[307.]
1232,[403.]
1233,[587.]
1234,[307.]
1235,[579.]
1236,[427.]
1237,[427.]
1238,[530.]
1239,[387.]
1240,[619.]
1241,[427.]
1242,[427.]
1243,[683.]
1244,[403.]
1245,[499.]
1246,[547.]
1247,[307.]
1248,[427.]
1249,[387.]
1250,[651.]
1251,[403.]
1252,[347.]
1253,[483.]
1254,[403.]
1255,[307.]
1256,[387.]
1257,[640.]
1258,[507.]
1259,[307.]
1260,[867.]
1261,[307.]
1262,[403.]
1263,[586.]
1264,[387.]
1265,[427.]
1266,[403.]
1267,[387.]
1268,[307.]
1269,[403.]
1270,[621.]
1271,[587.]
1272,[347.]
1273,[387.]
1274,[347.]
1275,[415.]
1276,[413.]
1277,[483.]
1278,[307.]
1279,[407.]
1280,[579.]
1281,[420.]
1282,[347.]
1283,[547.]
1284,[595.]
1285,[427.]
1286,[583.]
1287,[307.]
1288,[521.]
1289,[387.]
1290,[499.]
1291,[579.]
1292,[619.]
1293,[692.]
1294,[547.]
1295,[615.]
1296,[527.]
1297,[387.]
1298,[547.]
1299,[520.]
1300,[443.]
1301,[855.]
1302,[403.]
1303,[408.]
1304,[427.]
1305,[419.]
1306,[500.]
1307,[483.]
1308,[307.]
1309,[483.]
1310,[387.]
1311,[307.]
1312,[307.]
1313,[403.]
1314,[507.]
1315,[568.]
1316,[665.]
1317,[409.]
1318,[710.]
1319,[387.]
1320,[387.]
1321,[307.]
1322,[387.]
1323,[463.]
1324,[961.]
1325,[514.]
1326,[513.]
1327,[424.]
1328,[538.]
1329,[422.]
1330,[619.]
1331,[407.]
1332,[307.]
1333,[416.]
1334,[716.]
1335,[467.]
1336,[307.]
1337,[347.]
1338,[307.]
1339,[387.]
1340,[467.]
1341,[539.]
1342,[403.]
1343,[547.]
1344,[547.]
1345,[654.]
1346,[307.]
1347,[518.]
1348,[427.]
1349,[403.]
1350,[307.]
1351,[539.]
1352,[483.]
1353,[387.]
1354,[427.]
1355,[587.]
1356,[307.]
1357,[387.]
1358,[403.]
1359,[622.]
1360,[387.]
1361,[777.]
1362,[427.]
1363,[507.]
1364,[545.]
1365,[587.]
1366,[347.]
1367,[523.]
1368,[641.]
1369,[387.]
1370,[347.]
1371,[403.]
1372,[467.]
1373,[717.]
1374,[427.]
1375,[547.]
1376,[427.]
1377,[307.]
1378,[523.]
1379,[523.]
1380,[403.]
1381,[347.]
1382,[641.]
1383,[307.]
1384,[427.]
1385,[403.]
1386,[547.]
1387,[443.]
1388,[387.]
1389,[523.]
1390,[387.]
1391,[427.]
1392,[307.]
1393,[427.]
1394,[543.]
1395,[307.]
1396,[403.]
1397,[483.]
1398,[495.]
1399,[527.]
1400,[403.]
1401,[483.]
1402,[423.]
1403,[403.]
1404,[598.]
1405,[307.]
1406,[563.]
1407,[1368.]
1408,[579.]
1409,[619.]
1410,[427.]
1411,[617.]
1412,[467.]
1413,[507.]
1414,[307.]
1415,[307.]
1416,[427.]
1417,[547.]
1418,[387.]
1419,[307.]
1420,[467.]
1421,[443.]
1422,[307.]
1423,[443.]
1424,[347.]
1425,[427.]
1426,[502.]
1427,[443.]
1428,[535.]
1429,[526.]
1430,[510.]
1431,[499.]
1432,[499.]
1433,[387.]
1434,[387.]
1435,[427.]
1436,[427.]
1437,[501.]
1438,[587.]
1439,[412.]
1440,[620.]
1441,[307.]
1442,[613.]
1443,[603.]
1444,[483.]
1445,[427.]
1446,[546.]
1447,[464.]
1448,[307.]
1449,[531.]
1450,[509.]
1451,[387.]
1452,[509.]
1453,[483.]
1454,[307.]
1455,[307.]
1456,[483.]
1457,[617.]
1458,[387.]
1459,[403.]
1460,[1219.]
1461,[387.]
1462,[750.]
1463,[307.]
1464,[427.]
1465,[507.]
1466,[547.]
1467,[547.]
1468,[307.]
1469,[387.]
1470,[587.]
1471,[427.]
1472,[619.]
1473,[544.]
1474,[538.]
1475,[403.]
1476,[387.]
1477,[387.]
1478,[405.]
1479,[467.]
1480,[611.]
1481,[387.]
1482,[579.]
1483,[692.]
1484,[307.]
1485,[307.]
1486,[521.]
1487,[547.]
1488,[387.]
1489,[307.]
1490,[387.]
1491,[427.]
1492,[587.]
1493,[347.]
1494,[587.]
1495,[427.]
1496,[579.]
1497,[307.]
1498,[483.]
1499,[387.]
1500,[427.]
1501,[427.]
1502,[307.]
1503,[657.]
1504,[307.]
1505,[403.]
1506,[532.]
1507,[307.]
1508,[493.]
1509,[443.]
1510,[587.]
1511,[403.]
1512,[427.]
1513,[307.]
1514,[651.]
1515,[347.]
1516,[499.]
1517,[387.]
1518,[520.]
1519,[591.]
1520,[507.]
1521,[387.]
1522,[523.]
1523,[387.]
1524,[307.]
1525,[307.]
1526,[403.]
1527,[523.]
1528,[499.]
1529,[307.]
1530,[449.]
1531,[627.]
1532,[427.]
1533,[307.]
1534,[499.]
1535,[307.]
1536,[408.]
1537,[507.]
1538,[427.]
1539,[539.]
1540,[532.]
1541,[403.]
1542,[620.]
1543,[347.]
1544,[443.]
1545,[635.]
1546,[387.]
1547,[427.]
1548,[307.]
1549,[415.]
1550,[587.]
1551,[742.]
1552,[387.]
1553,[307.]
1554,[627.]
1555,[307.]
1556,[424.]
1557,[307.]
1558,[427.]
1559,[307.]
1560,[403.]
1561,[499.]
1562,[403.]
1563,[307.]
1564,[715.]
1565,[427.]
1566,[547.]
1567,[427.]
1568,[498.]
1569,[636.]
1570,[387.]
1571,[579.]
1572,[424.]
1573,[347.]
1574,[307.]
1575,[529.]
1576,[677.]
1577,[483.]
1578,[387.]
1579,[403.]
1580,[443.]
1581,[427.]
1582,[595.]
1583,[387.]
1584,[387.]
1585,[414.]
1586,[483.]
1587,[587.]
1588,[485.]
1589,[746.]
1590,[601.]
1591,[307.]
1592,[307.]
1593,[506.]
1594,[507.]
1595,[403.]
1596,[419.]
1597,[387.]
1598,[307.]
1599,[502.]
1600,[523.]
1601,[467.]
1602,[467.]
1603,[730.]
1604,[595.]
1605,[595.]
1606,[387.]
1607,[403.]
1608,[387.]
1609,[427.]
1610,[503.]
1611,[587.]
1612,[347.]
1613,[498.]
1614,[307.]
1615,[403.]
1616,[307.]
1617,[630.]
1618,[467.]
1619,[545.]
1620,[347.]
1621,[387.]
1622,[403.]
1623,[403.]
1624,[623.]
1625,[427.]
1626,[427.]
1627,[493.]
1628,[307.]
1629,[637.]
1630,[307.]
1631,[387.]
1632,[307.]
1633,[307.]
1634,[307.]
1635,[307.]
1636,[427.]
1637,[403.]
1638,[347.]
1639,[619.]
1640,[347.]
1641,[687.]
1642,[584.]
1643,[427.]
1644,[587.]
1645,[545.]
1646,[577.]
1647,[403.]
1648,[427.]
1649,[387.]
1650,[307.]
1651,[661.]
1652,[307.]
1653,[387.]
1654,[347.]
1655,[307.]
1656,[499.]
1657,[387.]
1658,[531.]
1659,[659.]
1660,[405.]
1661,[427.]
1662,[587.]
1663,[507.]
1664,[387.]
1665,[387.]
1666,[714.]
1667,[595.]
1668,[624.]
1669,[347.]
1670,[467.]
1671,[603.]
1672,[562.]
1673,[483.]
1674,[387.]
1675,[649.]
1676,[627.]
1677,[307.]
1678,[642.]
1679,[589.]
1680,[387.]
1681,[427.]
1682,[307.]
1683,[403.]
1684,[483.]
1685,[307.]
1686,[307.]
1687,[580.]
1688,[427.]
1689,[507.]
1690,[387.]
1691,[507.]
1692,[387.]
1693,[307.]
1694,[387.]
1695,[427.]
1696,[587.]
1697,[403.]
1698,[507.]
1699,[387.]
1700,[403.]
1701,[405.]
1702,[387.]
1703,[387.]
1704,[387.]
1705,[427.]
1706,[403.]
1707,[547.]
1708,[387.]
1709,[427.]
1710,[981.]
1711,[387.]
1712,[587.]
1713,[483.]
1714,[507.]
1715,[307.]
1716,[427.]
1717,[547.]
1718,[629.]
1719,[443.]
1720,[601.]
1721,[425.]
1722,[307.]
1723,[415.]
1724,[662.]
1725,[307.]
1726,[387.]
1727,[307.]
1728,[412.]
1729,[307.]
1730,[347.]
1731,[427.]
1732,[1187.]
1733,[307.]
1734,[407.]
1735,[427.]
1736,[675.]
1737,[581.]
1738,[499.]
1739,[603.]
1740,[503.]
1741,[403.]
1742,[507.]
1743,[715.]
1744,[427.]
1745,[497.]
1746,[387.]
1747,[307.]
1748,[427.]
1749,[667.]
1750,[307.]
1751,[307.]
1752,[427.]
1753,[403.]
1754,[488.]
1755,[483.]
1756,[387.]
1757,[547.]
1758,[619.]
1759,[403.]
1760,[418.]
1761,[427.]
1762,[307.]
1763,[387.]
1764,[403.]
1765,[467.]
1766,[387.]
1767,[502.]
1768,[464.]
1769,[503.]
1770,[494.]
1771,[523.]
1772,[403.]
1773,[579.]
1774,[523.]
1775,[387.]
1776,[307.]
1777,[427.]
1778,[307.]
1779,[307.]
1780,[387.]
1781,[579.]
1782,[307.]
1783,[403.]
1784,[507.]
1785,[619.]
1786,[467.]
1787,[403.]
1788,[387.]
1789,[307.]
1790,[347.]
1791,[768.]
1792,[611.]
1793,[587.]
1794,[658.]
1795,[307.]
1796,[411.]
1797,[387.]
1798,[423.]
1799,[347.]
1800,[524.]
1801,[387.]
1802,[387.]
1803,[589.]
1804,[619.]
1805,[387.]
1806,[483.]
1807,[489.]
1808,[539.]
1809,[387.]
1810,[387.]
1811,[467.]
1812,[613.]
1813,[427.]
1814,[427.]
1815,[307.]
1816,[307.]
1817,[407.]
1818,[307.]
1819,[387.]
1820,[387.]
1821,[307.]
1822,[307.]
1823,[443.]
1824,[563.]
1825,[347.]
1826,[558.]
1827,[512.]
1828,[539.]
1829,[467.]
1830,[307.]
1831,[483.]
1832,[403.]
1833,[403.]
1834,[523.]
1835,[427.]
1836,[545.]
1837,[523.]
1838,[387.]
1839,[499.]
1840,[414.]
1841,[683.]
1842,[420.]
1843,[307.]
1844,[486.]
1845,[427.]
1846,[501.]
1847,[387.]
1848,[767.]
1849,[483.]
1850,[387.]
1851,[621.]
1852,[467.]
1853,[387.]
1854,[406.]
1855,[307.]
1856,[427.]
1857,[467.]
1858,[507.]
1859,[307.]
1860,[463.]
1861,[427.]
1862,[692.]
1863,[507.]
1864,[423.]
1865,[347.]
1866,[426.]
1867,[387.]
1868,[403.]
1869,[619.]
1870,[387.]
1871,[427.]
1872,[307.]
1873,[507.]
1874,[387.]
1875,[587.]
1876,[413.]
1877,[525.]
1878,[427.]
1879,[490.]
1880,[347.]
1881,[412.]
1882,[307.]
1883,[427.]
1884,[845.]
1885,[307.]
1886,[467.]
1887,[467.]
1888,[307.]
1889,[403.]
1890,[307.]
1891,[530.]
1892,[592.]
1893,[563.]
1894,[722.]
1895,[387.]
1896,[541.]
1897,[347.]
1898,[577.]
1899,[307.]
1900,[307.]
1901,[307.]
1902,[403.]
1903,[423.]
1904,[465.]
1905,[426.]
1906,[307.]
1907,[403.]
1908,[443.]
1909,[443.]
1910,[514.]
1911,[507.]
1912,[347.]
1913,[307.]
1914,[403.]
1915,[598.]
1916,[483.]
1917,[524.]
1918,[403.]
1919,[403.]
1920,[387.]
1921,[387.]
1922,[387.]
1923,[507.]
1924,[514.]
1925,[506.]
1926,[347.]
1927,[579.]
1928,[387.]
1929,[415.]
1930,[387.]
1931,[427.]
1932,[387.]
1933,[627.]
1934,[692.]
1935,[682.]
1936,[387.]
1937,[501.]
1938,[483.]
1939,[307.]
1940,[307.]
1941,[387.]
1942,[499.]
1943,[496.]
1944,[403.]
1945,[547.]
1946,[307.]
1947,[403.]
1948,[587.]
1949,[427.]
1950,[307.]
1951,[387.]
1952,[595.]
1953,[527.]
1954,[418.]
1955,[427.]
1956,[587.]
1957,[307.]
1958,[523.]
1959,[547.]
1960,[552.]
1961,[307.]
1962,[635.]
1963,[387.]
1964,[547.]
1965,[587.]
1966,[483.]
1967,[307.]
1968,[387.]
1969,[507.]
1970,[387.]
1971,[483.]
1972,[427.]
1973,[635.]
1974,[387.]
1975,[403.]
1976,[307.]
1977,[499.]
1978,[307.]
1979,[387.]
1980,[417.]
1981,[403.]
1982,[410.]
1983,[627.]
1984,[387.]
1985,[387.]
1986,[614.]
1987,[387.]
1988,[523.]
1989,[307.]
1990,[347.]
1991,[307.]
1992,[523.]
1993,[547.]
1994,[403.]
1995,[495.]
1996,[577.]
1997,[427.]
1998,[590.]
1999,[628.]
2000,[387.]
