Episodio,Puntaje
1,[1340.]
2,[2546.]
3,[2595.]
4,[2580.]
5,[2593.]
6,[2544.]
7,[2578.]
8,[2487.]
9,[1700.]
10,[982.]
11,[2593.]
12,[2566.]
13,[925.]
14,[2524.]
15,[753.]
16,[2483.]
17,[2519.]
18,[2568.]
19,[2571.]
20,[2462.]
21,[2585.]
22,[2483.]
23,[2517.]
24,[427.]
25,[2600.]
26,[2539.]
27,[2592.]
28,[2568.]
29,[2576.]
30,[982.]
31,[1461.]
32,[2600.]
33,[2133.]
34,[982.]
35,[2431.]
36,[2564.]
37,[2543.]
38,[2536.]
39,[2086.]
40,[1947.]
41,[1006.]
42,[982.]
43,[2536.]
44,[2086.]
45,[2524.]
46,[2546.]
47,[982.]
48,[739.]
49,[982.]
50,[2568.]
51,[2600.]
52,[2504.]
53,[2571.]
54,[2617.]
55,[1947.]
56,[1006.]
57,[2536.]
58,[2540.]
59,[2564.]
60,[2251.]
61,[2563.]
62,[2549.]
63,[2568.]
64,[2563.]
65,[387.]
66,[1964.]
67,[2532.]
68,[2536.]
69,[2553.]
70,[659.]
71,[2487.]
72,[2542.]
73,[2607.]
74,[2598.]
75,[2592.]
76,[1551.]
77,[932.]
78,[2585.]
79,[972.]
80,[2580.]
81,[2600.]
82,[2619.]
83,[2520.]
84,[1797.]
85,[2483.]
86,[2616.]
87,[2489.]
88,[2540.]
89,[2483.]
90,[1006.]
91,[2585.]
92,[858.]
93,[2512.]
94,[2607.]
95,[2563.]
96,[2483.]
97,[2577.]
98,[2585.]
99,[2611.]
100,[2572.]
101,[1803.]
102,[2621.]
103,[2568.]
104,[2564.]
105,[2594.]
106,[2573.]
107,[2522.]
108,[1006.]
109,[2571.]
110,[2175.]
111,[2526.]
112,[2540.]
113,[2545.]
114,[2566.]
115,[2560.]
116,[1708.]
117,[2556.]
118,[2572.]
119,[1730.]
120,[2570.]
121,[2068.]
122,[2545.]
123,[1737.]
124,[982.]
125,[2584.]
126,[1721.]
127,[1924.]
128,[2576.]
129,[2575.]
130,[2567.]
131,[2582.]
132,[2500.]
133,[2554.]
134,[2581.]
135,[2568.]
136,[2578.]
137,[2531.]
138,[982.]
139,[2564.]
140,[2613.]
141,[2532.]
142,[1964.]
143,[2594.]
144,[2086.]
145,[2557.]
146,[1003.]
147,[1837.]
148,[2059.]
149,[2563.]
150,[1787.]
151,[2557.]
152,[2561.]
153,[2484.]
154,[2537.]
155,[2449.]
156,[2537.]
157,[2541.]
158,[2521.]
159,[2544.]
160,[1464.]
161,[982.]
162,[2502.]
163,[2551.]
164,[747.]
165,[2565.]
166,[2470.]
167,[2606.]
168,[2568.]
169,[2560.]
170,[2570.]
171,[2560.]
172,[2530.]
173,[2532.]
174,[2586.]
175,[2504.]
176,[2556.]
177,[2527.]
178,[2561.]
179,[2487.]
180,[2561.]
181,[2594.]
182,[2586.]
183,[2582.]
184,[2560.]
185,[982.]
186,[2520.]
187,[2613.]
188,[2619.]
189,[2619.]
190,[987.]
191,[1006.]
192,[2576.]
193,[2483.]
194,[2519.]
195,[2548.]
196,[2568.]
197,[2483.]
198,[2615.]
199,[2540.]
200,[2590.]
201,[2559.]
202,[2565.]
203,[2572.]
204,[2564.]
205,[1082.]
206,[2564.]
207,[2573.]
208,[2568.]
209,[2566.]
210,[2504.]
211,[2600.]
212,[2507.]
213,[2536.]
214,[2593.]
215,[2583.]
216,[2306.]
217,[2572.]
218,[2592.]
219,[2609.]
220,[2579.]
221,[2583.]
222,[2597.]
223,[2502.]
224,[2539.]
225,[982.]
226,[2537.]
227,[1006.]
228,[2551.]
229,[916.]
230,[2493.]
231,[307.]
232,[2455.]
233,[982.]
234,[2621.]
235,[2526.]
236,[2545.]
237,[2567.]
238,[2263.]
239,[2068.]
240,[2582.]
241,[2577.]
242,[2481.]
243,[1006.]
244,[2499.]
245,[2525.]
246,[2597.]
247,[2563.]
248,[982.]
249,[2091.]
250,[2488.]
251,[2068.]
252,[2579.]
253,[2564.]
254,[2546.]
255,[2592.]
256,[2489.]
257,[2494.]
258,[2569.]
259,[2216.]
260,[2261.]
261,[2582.]
262,[2579.]
263,[2561.]
264,[2467.]
265,[2564.]
266,[2511.]
267,[2586.]
268,[2593.]
269,[2546.]
270,[2617.]
271,[2602.]
272,[982.]
273,[1961.]
274,[2543.]
275,[2570.]
276,[2573.]
277,[982.]
278,[2388.]
279,[2570.]
280,[2489.]
281,[2544.]
282,[2576.]
283,[2550.]
284,[1639.]
285,[1964.]
286,[2508.]
287,[2597.]
288,[1884.]
289,[1023.]
290,[2511.]
291,[2541.]
292,[2563.]
293,[2564.]
294,[1015.]
295,[2563.]
296,[2604.]
297,[1947.]
298,[2578.]
299,[467.]
300,[2572.]
301,[2584.]
302,[1948.]
303,[2348.]
304,[2612.]
305,[2584.]
306,[2584.]
307,[2562.]
308,[915.]
309,[1209.]
310,[2205.]
311,[1319.]
312,[964.]
313,[2531.]
314,[2529.]
315,[2586.]
316,[2614.]
317,[2555.]
318,[2539.]
319,[2587.]
320,[2401.]
321,[2530.]
322,[2068.]
323,[2280.]
324,[1006.]
325,[1026.]
326,[2584.]
327,[2578.]
328,[2496.]
329,[982.]
330,[2546.]
331,[2263.]
332,[2508.]
333,[2513.]
334,[2525.]
335,[2549.]
336,[2068.]
337,[2588.]
338,[1386.]
339,[2565.]
340,[2388.]
341,[418.]
342,[2576.]
343,[2471.]
344,[2549.]
345,[2596.]
346,[1006.]
347,[2599.]
348,[2602.]
349,[2570.]
350,[2608.]
351,[1006.]
352,[2565.]
353,[2601.]
354,[2551.]
355,[2574.]
356,[2515.]
357,[2573.]
358,[2549.]
359,[2597.]
360,[2620.]
361,[387.]
362,[2493.]
363,[2519.]
364,[2580.]
365,[2586.]
366,[2491.]
367,[1083.]
368,[1384.]
369,[982.]
370,[2552.]
371,[900.]
372,[2565.]
373,[2591.]
374,[387.]
375,[2568.]
376,[1044.]
377,[2579.]
378,[2560.]
379,[2516.]
380,[2569.]
381,[2624.]
382,[2548.]
383,[2525.]
384,[2556.]
385,[982.]
386,[1006.]
387,[2571.]
388,[982.]
389,[2498.]
390,[2263.]
391,[1282.]
392,[2540.]
393,[2596.]
394,[2585.]
395,[2549.]
396,[2584.]
397,[347.]
398,[2503.]
399,[1614.]
400,[2563.]
401,[639.]
402,[2538.]
403,[2596.]
404,[2543.]
405,[2610.]
406,[2513.]
407,[1948.]
408,[2616.]
409,[2618.]
410,[2559.]
411,[1808.]
412,[1884.]
413,[704.]
414,[2569.]
415,[2621.]
416,[2519.]
417,[2539.]
418,[2562.]
419,[387.]
420,[2551.]
421,[2524.]
422,[982.]
423,[2553.]
424,[2546.]
425,[1499.]
426,[2534.]
427,[2540.]
428,[2614.]
429,[2062.]
430,[2555.]
431,[1924.]
432,[2512.]
433,[1489.]
434,[2561.]
435,[2613.]
436,[2586.]
437,[2576.]
438,[2594.]
439,[895.]
440,[2512.]
441,[2560.]
442,[1006.]
443,[2268.]
444,[2589.]
445,[467.]
446,[982.]
447,[2588.]
448,[1006.]
449,[2513.]
450,[2513.]
451,[2561.]
452,[2618.]
453,[2567.]
454,[2554.]
455,[2569.]
456,[1990.]
457,[2494.]
458,[974.]
459,[1006.]
460,[2538.]
461,[1811.]
462,[2104.]
463,[2594.]
464,[2487.]
465,[2507.]
466,[2594.]
467,[2561.]
468,[2560.]
469,[2565.]
470,[2572.]
471,[2563.]
472,[2538.]
473,[2573.]
474,[2584.]
475,[1626.]
476,[1006.]
477,[2550.]
478,[2547.]
479,[756.]
480,[982.]
481,[2542.]
482,[2555.]
483,[2551.]
484,[2571.]
485,[2511.]
486,[2547.]
487,[307.]
488,[2546.]
489,[2503.]
490,[2540.]
491,[2068.]
492,[2263.]
493,[2497.]
494,[2592.]
495,[1155.]
496,[2534.]
497,[2561.]
498,[2507.]
499,[2569.]
500,[2568.]
501,[2622.]
502,[2561.]
503,[2617.]
504,[2561.]
505,[2567.]
506,[2405.]
507,[2546.]
508,[1807.]
509,[1199.]
510,[2148.]
511,[2574.]
512,[2513.]
513,[2554.]
514,[2561.]
515,[2565.]
516,[2587.]
517,[2534.]
518,[2519.]
519,[2513.]
520,[2568.]
521,[2589.]
522,[2569.]
523,[2263.]
524,[2540.]
525,[2540.]
526,[2575.]
527,[2540.]
528,[2540.]
529,[1307.]
530,[1774.]
531,[2504.]
532,[2561.]
533,[2549.]
534,[2547.]
535,[2533.]
536,[982.]
537,[2595.]
538,[2239.]
539,[2547.]
540,[2623.]
541,[2597.]
542,[2561.]
543,[2608.]
544,[1971.]
545,[2587.]
546,[2601.]
547,[982.]
548,[2576.]
549,[1006.]
550,[2553.]
551,[2580.]
552,[2597.]
553,[2565.]
554,[1006.]
555,[2575.]
556,[2612.]
557,[1862.]
558,[2580.]
559,[1006.]
560,[2579.]
561,[2563.]
562,[2277.]
563,[2355.]
564,[2563.]
565,[2548.]
566,[2564.]
567,[733.]
568,[2569.]
569,[1006.]
570,[1751.]
571,[2575.]
572,[2519.]
573,[1006.]
574,[2556.]
575,[1488.]
576,[2565.]
577,[2547.]
578,[2542.]
579,[2581.]
580,[2559.]
581,[2582.]
582,[2592.]
583,[2587.]
584,[2536.]
585,[2545.]
586,[2486.]
587,[2552.]
588,[2540.]
589,[1006.]
590,[2554.]
591,[2568.]
592,[2510.]
593,[2142.]
594,[2547.]
595,[2513.]
596,[2012.]
597,[2554.]
598,[2540.]
599,[2602.]
600,[1686.]
601,[2560.]
602,[2549.]
603,[2598.]
604,[307.]
605,[2623.]
606,[982.]
607,[1006.]
608,[2555.]
609,[2568.]
610,[2459.]
611,[2563.]
612,[2539.]
613,[2608.]
614,[2028.]
615,[2129.]
616,[2513.]
617,[2561.]
618,[2561.]
619,[2503.]
620,[2581.]
621,[2581.]
622,[2517.]
623,[2569.]
624,[2565.]
625,[2559.]
626,[982.]
627,[1007.]
628,[427.]
629,[2607.]
630,[2618.]
631,[2573.]
632,[1664.]
633,[2614.]
634,[2507.]
635,[2447.]
636,[2563.]
637,[2563.]
638,[2538.]
639,[2568.]
640,[2563.]
641,[1523.]
642,[2543.]
643,[2563.]
644,[2172.]
645,[1263.]
646,[2511.]
647,[2535.]
648,[866.]
649,[1600.]
650,[2561.]
651,[2561.]
652,[2597.]
653,[2603.]
654,[2565.]
655,[2560.]
656,[2009.]
657,[2554.]
658,[2555.]
659,[1362.]
660,[2561.]
661,[2558.]
662,[2547.]
663,[2562.]
664,[1616.]
665,[2592.]
666,[2490.]
667,[587.]
668,[2555.]
669,[2568.]
670,[2616.]
671,[2565.]
672,[2564.]
673,[2559.]
674,[2518.]
675,[2297.]
676,[2552.]
677,[2552.]
678,[2600.]
679,[1597.]
680,[2587.]
681,[2592.]
682,[1947.]
683,[2566.]
684,[2563.]
685,[2540.]
686,[2578.]
687,[1090.]
688,[2578.]
689,[2565.]
690,[2560.]
691,[1006.]
692,[2570.]
693,[2478.]
694,[2606.]
695,[2554.]
696,[2554.]
697,[2549.]
698,[2401.]
699,[2573.]
700,[2584.]
701,[2493.]
702,[2570.]
703,[2560.]
704,[2543.]
705,[2540.]
706,[2582.]
707,[2466.]
708,[2570.]
709,[2570.]
710,[982.]
711,[867.]
712,[2597.]
713,[2493.]
714,[2556.]
715,[2549.]
716,[2612.]
717,[2601.]
718,[2570.]
719,[2574.]
720,[2551.]
721,[2565.]
722,[2536.]
723,[2550.]
724,[2540.]
725,[2525.]
726,[2561.]
727,[2560.]
728,[2521.]
729,[2606.]
730,[2538.]
731,[2503.]
732,[1006.]
733,[2544.]
734,[2503.]
735,[2566.]
736,[2554.]
737,[982.]
738,[2263.]
739,[2233.]
740,[811.]
741,[2486.]
742,[2575.]
743,[2550.]
744,[2596.]
745,[2611.]
746,[2533.]
747,[2327.]
748,[2540.]
749,[2561.]
750,[2553.]
751,[2565.]
752,[2592.]
753,[2553.]
754,[982.]
755,[1006.]
756,[2589.]
757,[2517.]
758,[1104.]
759,[425.]
760,[2583.]
761,[2540.]
762,[2562.]
763,[2551.]
764,[2588.]
765,[1703.]
766,[2572.]
767,[958.]
768,[2603.]
769,[2551.]
770,[627.]
771,[2555.]
772,[2263.]
773,[2540.]
774,[1480.]
775,[2539.]
776,[2585.]
777,[2584.]
778,[2571.]
779,[982.]
780,[1669.]
781,[2573.]
782,[2577.]
783,[2503.]
784,[2552.]
785,[747.]
786,[2547.]
787,[2510.]
788,[982.]
789,[2587.]
790,[1248.]
791,[2573.]
792,[467.]
793,[2608.]
794,[2068.]
795,[2561.]
796,[2518.]
797,[2568.]
798,[2487.]
799,[2538.]
800,[2558.]
801,[2540.]
802,[2592.]
803,[2533.]
804,[2528.]
805,[2607.]
806,[2547.]
807,[762.]
808,[1006.]
809,[2550.]
810,[2068.]
811,[425.]
812,[2104.]
813,[2580.]
814,[2333.]
815,[2614.]
816,[2507.]
817,[2570.]
818,[2565.]
819,[507.]
820,[2566.]
821,[2461.]
822,[2570.]
823,[2538.]
824,[2573.]
825,[2538.]
826,[2554.]
827,[2569.]
828,[739.]
829,[1006.]
830,[2381.]
831,[2583.]
832,[2560.]
833,[422.]
834,[1099.]
835,[2563.]
836,[2551.]
837,[2613.]
838,[2521.]
839,[2580.]
840,[2559.]
841,[1006.]
842,[2561.]
843,[483.]
844,[2523.]
845,[1460.]
846,[1006.]
847,[2513.]
848,[2540.]
849,[2600.]
850,[2538.]
851,[2540.]
852,[1924.]
853,[2490.]
854,[2623.]
855,[667.]
856,[2561.]
857,[2561.]
858,[2510.]
859,[994.]
860,[2574.]
861,[1006.]
862,[2611.]
863,[507.]
864,[2561.]
865,[2503.]
866,[2585.]
867,[2547.]
868,[2563.]
869,[2104.]
870,[816.]
871,[2575.]
872,[2536.]
873,[2574.]
874,[2518.]
875,[2030.]
876,[2581.]
877,[2497.]
878,[2537.]
879,[2554.]
880,[2567.]
881,[1896.]
882,[2463.]
883,[2540.]
884,[2561.]
885,[2263.]
886,[2513.]
887,[2540.]
888,[787.]
889,[2545.]
890,[2603.]
891,[2582.]
892,[2561.]
893,[2549.]
894,[2547.]
895,[747.]
896,[982.]
897,[2327.]
898,[2443.]
899,[1850.]
900,[2548.]
901,[2541.]
902,[2557.]
903,[2563.]
904,[2563.]
905,[2552.]
906,[2605.]
907,[2569.]
908,[2540.]
909,[1113.]
910,[2536.]
911,[2574.]
912,[928.]
913,[2600.]
914,[2540.]
915,[2582.]
916,[2540.]
917,[2466.]
918,[2540.]
919,[2513.]
920,[2561.]
921,[2513.]
922,[2539.]
923,[2569.]
924,[2544.]
925,[2554.]
926,[499.]
927,[2570.]
928,[2574.]
929,[2587.]
930,[2559.]
931,[2570.]
932,[2563.]
933,[2580.]
934,[2585.]
935,[2598.]
936,[2512.]
937,[2564.]
938,[1948.]
939,[2569.]
940,[2540.]
941,[2579.]
942,[2464.]
943,[2561.]
944,[617.]
945,[2507.]
946,[2565.]
947,[2506.]
948,[982.]
949,[2590.]
950,[2533.]
951,[2540.]
952,[2534.]
953,[2536.]
954,[2561.]
955,[2507.]
956,[1458.]
957,[2050.]
958,[2507.]
959,[2547.]
960,[1655.]
961,[1924.]
962,[2583.]
963,[2448.]
964,[2568.]
965,[2561.]
966,[2584.]
967,[1656.]
968,[982.]
969,[2372.]
970,[2590.]
971,[2622.]
972,[2540.]
973,[387.]
974,[2536.]
975,[2536.]
976,[2572.]
977,[2534.]
978,[1006.]
979,[2362.]
980,[2567.]
981,[2595.]
982,[2467.]
983,[2563.]
984,[2562.]
985,[1774.]
986,[2576.]
987,[2103.]
988,[2569.]
989,[1006.]
990,[2546.]
991,[2582.]
992,[2510.]
993,[2598.]
994,[1182.]
995,[2554.]
996,[2525.]
997,[2561.]
998,[2513.]
999,[2559.]
1000,[2513.]
1001,[2559.]
1002,[2569.]
1003,[2547.]
1004,[2572.]
1005,[707.]
1006,[2578.]
1007,[2580.]
1008,[2564.]
1009,[2478.]
1010,[2217.]
1011,[738.]
1012,[2559.]
1013,[1447.]
1014,[2606.]
1015,[2586.]
1016,[2569.]
1017,[2517.]
1018,[2574.]
1019,[2438.]
1020,[2540.]
1021,[1006.]
1022,[2561.]
1023,[2540.]
1024,[2566.]
1025,[2517.]
1026,[2554.]
1027,[2538.]
1028,[2540.]
1029,[766.]
1030,[1006.]
1031,[2487.]
1032,[1924.]
1033,[982.]
1034,[2570.]
1035,[1775.]
1036,[1006.]
1037,[2552.]
1038,[2542.]
1039,[2513.]
1040,[2493.]
1041,[2561.]
1042,[2547.]
1043,[1700.]
1044,[2574.]
1045,[987.]
1046,[307.]
1047,[2556.]
1048,[982.]
1049,[2570.]
1050,[2606.]
1051,[2572.]
1052,[2540.]
1053,[418.]
1054,[2592.]
1055,[2540.]
1056,[2592.]
1057,[2598.]
1058,[2561.]
1059,[2570.]
1060,[1650.]
1061,[2540.]
1062,[2600.]
1063,[2540.]
1064,[2503.]
1065,[2569.]
1066,[2600.]
1067,[2557.]
1068,[2609.]
1069,[2570.]
1070,[2618.]
1071,[2530.]
1072,[2104.]
1073,[2565.]
1074,[2561.]
1075,[1224.]
1076,[2579.]
1077,[2350.]
1078,[2624.]
1079,[2540.]
1080,[307.]
1081,[2562.]
1082,[2556.]
1083,[2560.]
1084,[2558.]
1085,[2572.]
1086,[982.]
1087,[2624.]
1088,[2540.]
1089,[2574.]
1090,[2565.]
1091,[2457.]
1092,[1443.]
1093,[2558.]
1094,[2549.]
1095,[2564.]
1096,[2568.]
1097,[1006.]
1098,[2563.]
1099,[2507.]
1100,[2615.]
1101,[2566.]
1102,[1006.]
1103,[2573.]
1104,[2563.]
1105,[2588.]
1106,[2560.]
1107,[982.]
1108,[1006.]
1109,[2612.]
1110,[2597.]
1111,[2126.]
1112,[2554.]
1113,[2561.]
1114,[2550.]
1115,[2542.]
1116,[2589.]
1117,[2550.]
1118,[1331.]
1119,[2554.]
1120,[2551.]
1121,[2613.]
1122,[2584.]
1123,[2621.]
1124,[2504.]
1125,[2346.]
1126,[2104.]
1127,[2068.]
1128,[1829.]
1129,[2560.]
1130,[2550.]
1131,[2608.]
1132,[418.]
1133,[2569.]
1134,[2540.]
1135,[2551.]
1136,[2598.]
1137,[2575.]
1138,[2562.]
1139,[2569.]
1140,[2518.]
1141,[2557.]
1142,[2588.]
1143,[2551.]
1144,[2576.]
1145,[2484.]
1146,[2549.]
1147,[2565.]
1148,[2540.]
1149,[2544.]
1150,[982.]
1151,[1006.]
1152,[2562.]
1153,[2478.]
1154,[2514.]
1155,[2517.]
1156,[2570.]
1157,[2591.]
1158,[2583.]
1159,[2586.]
1160,[2540.]
1161,[2540.]
1162,[2575.]
1163,[2606.]
1164,[2594.]
1165,[2587.]
1166,[2536.]
1167,[1006.]
1168,[2230.]
1169,[1961.]
1170,[2554.]
1171,[1032.]
1172,[2572.]
1173,[2599.]
1174,[2510.]
1175,[2579.]
1176,[2598.]
1177,[2618.]
1178,[2563.]
1179,[2535.]
1180,[2596.]
1181,[1006.]
1182,[2580.]
1183,[2470.]
1184,[2507.]
1185,[2524.]
1186,[2493.]
1187,[2622.]
1188,[2540.]
1189,[2561.]
1190,[2561.]
1191,[2481.]
1192,[2616.]
1193,[2560.]
1194,[2586.]
1195,[2140.]
1196,[2494.]
1197,[2534.]
1198,[2581.]
1199,[2554.]
1200,[2554.]
1201,[2501.]
1202,[2584.]
1203,[2582.]
1204,[2538.]
1205,[2557.]
1206,[2586.]
1207,[2549.]
1208,[2493.]
1209,[2569.]
1210,[2569.]
1211,[2600.]
1212,[2602.]
1213,[2574.]
1214,[2565.]
1215,[2560.]
1216,[2384.]
1217,[2577.]
1218,[2614.]
1219,[2097.]
1220,[982.]
1221,[307.]
1222,[387.]
1223,[2540.]
1224,[2582.]
1225,[2559.]
1226,[2263.]
1227,[1888.]
1228,[2067.]
1229,[2103.]
1230,[1006.]
1231,[2595.]
1232,[2536.]
1233,[2572.]
1234,[2561.]
1235,[2587.]
1236,[2554.]
1237,[2534.]
1238,[2538.]
1239,[2569.]
1240,[2387.]
1241,[2499.]
1242,[2616.]
1243,[2498.]
1244,[2561.]
1245,[2547.]
1246,[2553.]
1247,[982.]
1248,[2604.]
1249,[2618.]
1250,[2540.]
1251,[2540.]
1252,[2619.]
1253,[2565.]
1254,[2598.]
1255,[2563.]
1256,[2563.]
1257,[1423.]
1258,[982.]
1259,[2468.]
1260,[1924.]
1261,[2582.]
1262,[2499.]
1263,[2548.]
1264,[2549.]
1265,[2554.]
1266,[2507.]
1267,[2372.]
1268,[2614.]
1269,[2557.]
1270,[2466.]
1271,[2553.]
1272,[2565.]
1273,[2540.]
1274,[2554.]
1275,[2586.]
1276,[1795.]
1277,[2493.]
1278,[2540.]
1279,[2565.]
1280,[2540.]
1281,[2540.]
1282,[2560.]
1283,[1405.]
1284,[2561.]
1285,[2526.]
1286,[2533.]
1287,[2560.]
1288,[2595.]
1289,[2580.]
1290,[1006.]
1291,[2585.]
1292,[2525.]
1293,[2594.]
1294,[2581.]
1295,[2451.]
1296,[2540.]
1297,[2573.]
1298,[2585.]
1299,[2513.]
1300,[2565.]
1301,[2362.]
1302,[2578.]
1303,[1799.]
1304,[2570.]
1305,[1006.]
1306,[2539.]
1307,[2569.]
1308,[2588.]
1309,[982.]
1310,[2596.]
1311,[2587.]
1312,[2573.]
1313,[751.]
1314,[2586.]
1315,[2565.]
1316,[2599.]
1317,[2005.]
1318,[2547.]
1319,[1948.]
1320,[2533.]
1321,[2602.]
1322,[2539.]
1323,[2565.]
1324,[2565.]
1325,[2128.]
1326,[2550.]
1327,[2542.]
1328,[2563.]
1329,[2563.]
1330,[982.]
1331,[2295.]
1332,[2517.]
1333,[2463.]
1334,[2597.]
1335,[2561.]
1336,[2557.]
1337,[2563.]
1338,[2562.]
1339,[2599.]
1340,[2544.]
1341,[1401.]
1342,[2565.]
1343,[2552.]
1344,[1585.]
1345,[2562.]
1346,[2554.]
1347,[2611.]
1348,[2554.]
1349,[2592.]
1350,[1006.]
1351,[2561.]
1352,[2550.]
1353,[2580.]
1354,[2569.]
1355,[2604.]
1356,[2558.]
1357,[1427.]
1358,[2519.]
1359,[2547.]
1360,[827.]
1361,[2599.]
1362,[1006.]
1363,[2600.]
1364,[2241.]
1365,[2606.]
1366,[2573.]
1367,[2550.]
1368,[2567.]
1369,[2597.]
1370,[2263.]
1371,[1018.]
1372,[2558.]
1373,[2435.]
1374,[2553.]
1375,[2569.]
1376,[2615.]
1377,[1006.]
1378,[2463.]
1379,[977.]
1380,[1006.]
1381,[2591.]
1382,[2564.]
1383,[2577.]
1384,[2104.]
1385,[907.]
1386,[2554.]
1387,[2557.]
1388,[2622.]
1389,[2584.]
1390,[2607.]
1391,[1389.]
1392,[826.]
1393,[1006.]
1394,[2484.]
1395,[2557.]
1396,[2487.]
1397,[2580.]
1398,[2554.]
1399,[2575.]
1400,[2561.]
1401,[2486.]
1402,[2513.]
1403,[2559.]
1404,[2495.]
1405,[1980.]
1406,[2561.]
1407,[2564.]
1408,[2577.]
1409,[2573.]
1410,[2551.]
1411,[2560.]
1412,[2546.]
1413,[893.]
1414,[2585.]
1415,[2372.]
1416,[2580.]
1417,[2573.]
1418,[2263.]
1419,[2540.]
1420,[2543.]
1421,[2560.]
1422,[982.]
1423,[2563.]
1424,[2547.]
1425,[2579.]
1426,[2590.]
1427,[2562.]
1428,[2507.]
1429,[2570.]
1430,[2589.]
1431,[2540.]
1432,[2604.]
1433,[2554.]
1434,[982.]
1435,[2540.]
1436,[1006.]
1437,[2602.]
1438,[2621.]
1439,[2554.]
1440,[2572.]
1441,[1006.]
1442,[2513.]
1443,[2562.]
1444,[982.]
1445,[1829.]
1446,[2615.]
1447,[2584.]
1448,[2547.]
1449,[2575.]
1450,[2572.]
1451,[982.]
1452,[2620.]
1453,[554.]
1454,[2569.]
1455,[1127.]
1456,[2560.]
1457,[2578.]
1458,[2553.]
1459,[982.]
1460,[2540.]
1461,[2561.]
1462,[2263.]
1463,[2540.]
1464,[2615.]
1465,[2550.]
1466,[2593.]
1467,[2569.]
1468,[2607.]
1469,[2564.]
1470,[2593.]
1471,[2503.]
1472,[2540.]
1473,[2585.]
1474,[2548.]
1475,[2549.]
1476,[2585.]
1477,[2552.]
1478,[982.]
1479,[1972.]
1480,[1792.]
1481,[1006.]
1482,[2525.]
1483,[2397.]
1484,[2597.]
1485,[2606.]
1486,[2582.]
1487,[942.]
1488,[2575.]
1489,[2540.]
1490,[2575.]
1491,[2561.]
1492,[2540.]
1493,[1924.]
1494,[982.]
1495,[2564.]
1496,[2503.]
1497,[2573.]
1498,[2503.]
1499,[2486.]
1500,[2589.]
1501,[2506.]
1502,[2560.]
1503,[2580.]
1504,[2562.]
1505,[2518.]
1506,[2556.]
1507,[1672.]
1508,[2555.]
1509,[1773.]
1510,[1544.]
1511,[2493.]
1512,[1006.]
1513,[907.]
1514,[2563.]
1515,[2548.]
1516,[2561.]
1517,[2554.]
1518,[1006.]
1519,[2584.]
1520,[2560.]
1521,[2585.]
1522,[2565.]
1523,[2570.]
1524,[2104.]
1525,[2584.]
1526,[2550.]
1527,[982.]
1528,[2589.]
1529,[2552.]
1530,[2559.]
1531,[862.]
1532,[2576.]
1533,[2263.]
1534,[2540.]
1535,[1316.]
1536,[2493.]
1537,[1006.]
1538,[2561.]
1539,[2534.]
1540,[1220.]
1541,[2602.]
1542,[2570.]
1543,[2562.]
1544,[2560.]
1545,[2560.]
1546,[1125.]
1547,[2472.]
1548,[2540.]
1549,[2557.]
1550,[2540.]
1551,[2582.]
1552,[2466.]
1553,[2571.]
1554,[2507.]
1555,[646.]
1556,[1929.]
1557,[422.]
1558,[1006.]
1559,[2483.]
1560,[2569.]
1561,[2513.]
1562,[2561.]
1563,[2561.]
1564,[982.]
1565,[1006.]
1566,[2570.]
1567,[2595.]
1568,[2589.]
1569,[982.]
1570,[2536.]
1571,[2517.]
1572,[2563.]
1573,[2527.]
1574,[2542.]
1575,[2527.]
1576,[2608.]
1577,[2543.]
1578,[2610.]
1579,[2263.]
1580,[2538.]
1581,[2540.]
1582,[2561.]
1583,[2104.]
1584,[982.]
1585,[2603.]
1586,[2068.]
1587,[2563.]
1588,[1203.]
1589,[2500.]
1590,[2526.]
1591,[2617.]
1592,[2581.]
1593,[2561.]
1594,[2560.]
1595,[2476.]
1596,[307.]
1597,[2561.]
1598,[2535.]
1599,[2524.]
1600,[2263.]
1601,[2540.]
1602,[2540.]
1603,[307.]
1604,[1761.]
1605,[2540.]
1606,[2466.]
1607,[2540.]
1608,[2597.]
1609,[2540.]
1610,[2557.]
1611,[2513.]
1612,[2586.]
1613,[2560.]
1614,[2572.]
1615,[2582.]
1616,[2563.]
1617,[2543.]
1618,[2614.]
1619,[2614.]
1620,[1067.]
1621,[2583.]
1622,[2588.]
1623,[2530.]
1624,[2588.]
1625,[2568.]
1626,[2565.]
1627,[2560.]
1628,[2509.]
1629,[2550.]
1630,[2461.]
1631,[768.]
1632,[2561.]
1633,[734.]
1634,[2507.]
1635,[2568.]
1636,[2560.]
1637,[2586.]
1638,[2561.]
1639,[2584.]
1640,[2609.]
1641,[2602.]
1642,[2263.]
1643,[2572.]
1644,[2540.]
1645,[972.]
1646,[2053.]
1647,[2567.]
1648,[2538.]
1649,[2263.]
1650,[2571.]
1651,[2554.]
1652,[2555.]
1653,[2519.]
1654,[939.]
1655,[2554.]
1656,[2549.]
1657,[2528.]
1658,[2560.]
1659,[2571.]
1660,[2466.]
1661,[1162.]
1662,[2263.]
1663,[2007.]
1664,[2540.]
1665,[2555.]
1666,[2483.]
1667,[2561.]
1668,[2569.]
1669,[2570.]
1670,[1719.]
1671,[2567.]
1672,[2573.]
1673,[2580.]
1674,[2540.]
1675,[2503.]
1676,[2603.]
1677,[2573.]
1678,[2484.]
1679,[2552.]
1680,[2196.]
1681,[2565.]
1682,[2555.]
1683,[2563.]
1684,[707.]
1685,[467.]
1686,[2521.]
1687,[982.]
1688,[1901.]
1689,[2560.]
1690,[1022.]
1691,[2553.]
1692,[2309.]
1693,[2562.]
1694,[2553.]
1695,[2561.]
1696,[2513.]
1697,[2562.]
1698,[2527.]
1699,[2563.]
1700,[2549.]
1701,[2507.]
1702,[2512.]
1703,[2573.]
1704,[2218.]
1705,[2474.]
1706,[2600.]
1707,[2564.]
1708,[2473.]
1709,[2521.]
1710,[2573.]
1711,[2560.]
1712,[427.]
1713,[2561.]
1714,[2598.]
1715,[2568.]
1716,[2541.]
1717,[2513.]
1718,[2567.]
1719,[2560.]
1720,[1006.]
1721,[2554.]
1722,[2562.]
1723,[2521.]
1724,[726.]
1725,[1685.]
1726,[2561.]
1727,[2609.]
1728,[2544.]
1729,[2596.]
1730,[2571.]
1731,[1067.]
1732,[982.]
1733,[1613.]
1734,[2586.]
1735,[2392.]
1736,[2559.]
1737,[2563.]
1738,[467.]
1739,[2585.]
1740,[2605.]
1741,[2104.]
1742,[2305.]
1743,[2557.]
1744,[2609.]
1745,[2524.]
1746,[2582.]
1747,[2563.]
1748,[2555.]
1749,[982.]
1750,[1006.]
1751,[2555.]
1752,[2583.]
1753,[2603.]
1754,[2520.]
1755,[2324.]
1756,[2552.]
1757,[2568.]
1758,[2570.]
1759,[2607.]
1760,[2558.]
1761,[2552.]
1762,[2507.]
1763,[2493.]
1764,[2540.]
1765,[2606.]
1766,[2616.]
1767,[1657.]
1768,[2550.]
1769,[2610.]
1770,[2564.]
1771,[2472.]
1772,[2569.]
1773,[2575.]
1774,[2547.]
1775,[2572.]
1776,[2566.]
1777,[2566.]
1778,[2584.]
1779,[1551.]
1780,[2540.]
1781,[2540.]
1782,[1849.]
1783,[2549.]
1784,[2579.]
1785,[2523.]
1786,[2586.]
1787,[2570.]
1788,[2547.]
1789,[2546.]
1790,[2540.]
1791,[2596.]
1792,[2547.]
1793,[2513.]
1794,[387.]
1795,[2516.]
1796,[2552.]
1797,[2577.]
1798,[2619.]
1799,[2528.]
1800,[2540.]
1801,[2558.]
1802,[2534.]
1803,[2519.]
1804,[2607.]
1805,[2480.]
1806,[1658.]
1807,[1711.]
1808,[2567.]
1809,[2586.]
1810,[2507.]
1811,[2616.]
1812,[2547.]
1813,[2268.]
1814,[2567.]
1815,[2432.]
1816,[2573.]
1817,[2579.]
1818,[2585.]
1819,[2584.]
1820,[2540.]
1821,[2554.]
1822,[2560.]
1823,[2570.]
1824,[1255.]
1825,[426.]
1826,[2561.]
1827,[507.]
1828,[2503.]
1829,[2556.]
1830,[2545.]
1831,[2597.]
1832,[2560.]
1833,[667.]
1834,[2565.]
1835,[2573.]
1836,[2592.]
1837,[2548.]
1838,[2535.]
1839,[2576.]
1840,[2443.]
1841,[2507.]
1842,[2565.]
1843,[1006.]
1844,[2588.]
1845,[2513.]
1846,[2550.]
1847,[2559.]
1848,[2612.]
1849,[2554.]
1850,[2527.]
1851,[2586.]
1852,[1066.]
1853,[2540.]
1854,[307.]
1855,[2563.]
1856,[2569.]
1857,[2557.]
1858,[2561.]
1859,[2565.]
1860,[2537.]
1861,[2561.]
1862,[2590.]
1863,[2534.]
1864,[2553.]
1865,[2557.]
1866,[2548.]
1867,[1128.]
1868,[2587.]
1869,[2500.]
1870,[2477.]
1871,[2263.]
1872,[2540.]
1873,[2558.]
1874,[2526.]
1875,[2606.]
1876,[2554.]
1877,[2562.]
1878,[982.]
1879,[2572.]
1880,[2592.]
1881,[2580.]
1882,[2491.]
1883,[2572.]
1884,[2596.]
1885,[2601.]
1886,[2610.]
1887,[2566.]
1888,[2550.]
1889,[2565.]
1890,[1937.]
1891,[2559.]
1892,[2604.]
1893,[2449.]
1894,[2556.]
1895,[2610.]
1896,[2561.]
1897,[2263.]
1898,[2564.]
1899,[2503.]
1900,[721.]
1901,[2573.]
1902,[2553.]
1903,[2607.]
1904,[2104.]
1905,[2572.]
1906,[2549.]
1907,[2609.]
1908,[2540.]
1909,[2540.]
1910,[2560.]
1911,[2513.]
1912,[2548.]
1913,[2608.]
1914,[2551.]
1915,[2570.]
1916,[2263.]
1917,[2561.]
1918,[1027.]
1919,[2532.]
1920,[2543.]
1921,[947.]
1922,[2608.]
1923,[2584.]
1924,[2503.]
1925,[2536.]
1926,[2543.]
1927,[2571.]
1928,[2590.]
1929,[2576.]
1930,[2487.]
1931,[2589.]
1932,[1456.]
1933,[2595.]
1934,[2582.]
1935,[2500.]
1936,[982.]
1937,[2584.]
1938,[2571.]
1939,[2611.]
1940,[2548.]
1941,[2562.]
1942,[2541.]
1943,[2560.]
1944,[2592.]
1945,[2584.]
1946,[2572.]
1947,[2563.]
1948,[2583.]
1949,[2560.]
1950,[982.]
1951,[2603.]
1952,[2503.]
1953,[2544.]
1954,[2503.]
1955,[2540.]
1956,[2568.]
1957,[2518.]
1958,[2557.]
1959,[2617.]
1960,[2575.]
1961,[2553.]
1962,[2520.]
1963,[1278.]
1964,[2557.]
1965,[1540.]
1966,[2343.]
1967,[1484.]
1968,[2537.]
1969,[2568.]
1970,[2582.]
1971,[2561.]
1972,[2555.]
1973,[2512.]
1974,[2263.]
1975,[2215.]
1976,[2605.]
1977,[2540.]
1978,[2577.]
1979,[733.]
1980,[2519.]
1981,[1230.]
1982,[982.]
1983,[2475.]
1984,[2603.]
1985,[2540.]
1986,[1743.]
1987,[307.]
1988,[2536.]
1989,[2607.]
1990,[2561.]
1991,[2519.]
1992,[2580.]
1993,[2557.]
1994,[2580.]
1995,[2521.]
1996,[2574.]
1997,[2555.]
1998,[2502.]
1999,[2505.]
2000,[2520.]
