Episodio,Puntaje
1,[2536.]
2,[1496.]
3,[2399.]
4,[1727.]
5,[2376.]
6,[2238.]
7,[2243.]
8,[2084.]
9,[2081.]
10,[2370.]
11,[2416.]
12,[2242.]
13,[1551.]
14,[1051.]
15,[1809.]
16,[1918.]
17,[307.]
18,[1770.]
19,[2437.]
20,[2111.]
21,[2442.]
22,[694.]
23,[2107.]
24,[1063.]
25,[2435.]
26,[2460.]
27,[703.]
28,[2423.]
29,[963.]
30,[2427.]
31,[1811.]
32,[2378.]
33,[1199.]
34,[2150.]
35,[2061.]
36,[2108.]
37,[1583.]
38,[915.]
39,[2142.]
40,[2376.]
41,[2234.]
42,[2384.]
43,[2113.]
44,[1312.]
45,[2437.]
46,[2406.]
47,[2098.]
48,[595.]
49,[2390.]
50,[2238.]
51,[2098.]
52,[1770.]
53,[2437.]
54,[2084.]
55,[2270.]
56,[2395.]
57,[2437.]
58,[2174.]
59,[2390.]
60,[347.]
61,[1770.]
62,[2037.]
63,[1414.]
64,[1583.]
65,[1744.]
66,[2458.]
67,[1849.]
68,[2101.]
69,[2211.]
70,[2395.]
71,[1676.]
72,[1903.]
73,[2431.]
74,[2270.]
75,[2428.]
76,[2249.]
77,[2478.]
78,[2564.]
79,[1578.]
80,[2387.]
81,[2416.]
82,[1583.]
83,[1798.]
84,[1220.]
85,[1583.]
86,[2142.]
87,[2374.]
88,[1770.]
89,[1192.]
90,[1613.]
91,[1644.]
92,[1583.]
93,[2436.]
94,[2495.]
95,[2427.]
96,[2095.]
97,[2376.]
98,[2387.]
99,[2020.]
100,[2535.]
101,[448.]
102,[2332.]
103,[1080.]
104,[922.]
105,[2318.]
106,[831.]
107,[2390.]
108,[2399.]
109,[2076.]
110,[2363.]
111,[2323.]
112,[2352.]
113,[1643.]
114,[2376.]
115,[816.]
116,[2398.]
117,[307.]
118,[1519.]
119,[2359.]
120,[2217.]
121,[2389.]
122,[1578.]
123,[2390.]
124,[483.]
125,[2425.]
126,[2268.]
127,[1201.]
128,[2437.]
129,[2432.]
130,[2383.]
131,[2491.]
132,[2376.]
133,[1921.]
134,[1167.]
135,[2242.]
136,[2420.]
137,[1593.]
138,[2442.]
139,[1583.]
140,[2423.]
141,[2174.]
142,[2098.]
143,[2228.]
144,[523.]
145,[2401.]
146,[1465.]
147,[2242.]
148,[1396.]
149,[507.]
150,[1139.]
151,[2090.]
152,[2497.]
153,[2193.]
154,[2106.]
155,[2356.]
156,[2398.]
157,[2401.]
158,[2193.]
159,[1583.]
160,[826.]
161,[2425.]
162,[1635.]
163,[2210.]
164,[2430.]
165,[2399.]
166,[1944.]
167,[2399.]
168,[2397.]
169,[2423.]
170,[1361.]
171,[2399.]
172,[2230.]
173,[2437.]
174,[2186.]
175,[2102.]
176,[2376.]
177,[1578.]
178,[1583.]
179,[2364.]
180,[403.]
181,[2402.]
182,[2500.]
183,[2544.]
184,[2435.]
185,[2404.]
186,[2423.]
187,[2349.]
188,[592.]
189,[2247.]
190,[2418.]
191,[2193.]
192,[1583.]
193,[2401.]
194,[483.]
195,[403.]
196,[2287.]
197,[2390.]
198,[2410.]
199,[1512.]
200,[1110.]
201,[547.]
202,[2401.]
203,[2256.]
204,[2270.]
205,[2238.]
206,[2109.]
207,[2492.]
208,[2425.]
209,[2430.]
210,[2442.]
211,[2450.]
212,[897.]
213,[2437.]
214,[2430.]
215,[2101.]
216,[2257.]
217,[1385.]
218,[1806.]
219,[698.]
220,[2425.]
221,[2428.]
222,[2390.]
223,[2480.]
224,[2041.]
225,[1327.]
226,[2375.]
227,[2084.]
228,[950.]
229,[2390.]
230,[2106.]
231,[813.]
232,[1770.]
233,[1117.]
234,[2414.]
235,[307.]
236,[2376.]
237,[2390.]
238,[2437.]
239,[2376.]
240,[2442.]
241,[2401.]
242,[2115.]
243,[2098.]
244,[985.]
245,[2518.]
246,[2380.]
247,[2273.]
248,[2442.]
249,[1775.]
250,[2098.]
251,[2101.]
252,[499.]
253,[2376.]
254,[2433.]
255,[2405.]
256,[1405.]
257,[2450.]
258,[1583.]
259,[2437.]
260,[1742.]
261,[2398.]
262,[2338.]
263,[1863.]
264,[1583.]
265,[1803.]
266,[1131.]
267,[2496.]
268,[2390.]
269,[2416.]
270,[1498.]
271,[1529.]
272,[2193.]
273,[2102.]
274,[2417.]
275,[1888.]
276,[1453.]
277,[2392.]
278,[1050.]
279,[2438.]
280,[2379.]
281,[2433.]
282,[2226.]
283,[2217.]
284,[2114.]
285,[2210.]
286,[2101.]
287,[2454.]
288,[1583.]
289,[1973.]
290,[2205.]
291,[830.]
292,[1336.]
293,[2177.]
294,[2442.]
295,[2425.]
296,[2352.]
297,[2270.]
298,[2376.]
299,[2390.]
300,[2084.]
301,[2204.]
302,[2388.]
303,[773.]
304,[1792.]
305,[2196.]
306,[2396.]
307,[1991.]
308,[880.]
309,[1656.]
310,[2423.]
311,[2323.]
312,[2459.]
313,[727.]
314,[2249.]
315,[2404.]
316,[2316.]
317,[2404.]
318,[2451.]
319,[2422.]
320,[2503.]
321,[2109.]
322,[1002.]
323,[2095.]
324,[2364.]
325,[2390.]
326,[1583.]
327,[2172.]
328,[1775.]
329,[1571.]
330,[1426.]
331,[2398.]
332,[499.]
333,[403.]
334,[347.]
335,[2498.]
336,[2389.]
337,[2083.]
338,[2241.]
339,[403.]
340,[2396.]
341,[1831.]
342,[995.]
343,[1045.]
344,[2398.]
345,[2194.]
346,[2210.]
347,[2146.]
348,[2398.]
349,[2378.]
350,[2430.]
351,[2397.]
352,[2385.]
353,[2365.]
354,[1583.]
355,[2296.]
356,[2400.]
357,[2082.]
358,[307.]
359,[2399.]
360,[387.]
361,[2389.]
362,[1827.]
363,[1128.]
364,[2399.]
365,[2270.]
366,[538.]
367,[2390.]
368,[2098.]
369,[2399.]
370,[2207.]
371,[2194.]
372,[926.]
373,[347.]
374,[703.]
375,[2399.]
376,[2389.]
377,[2390.]
378,[1841.]
379,[2132.]
380,[2134.]
381,[2101.]
382,[2398.]
383,[2432.]
384,[2013.]
385,[2536.]
386,[2532.]
387,[619.]
388,[2390.]
389,[2501.]
390,[2417.]
391,[2376.]
392,[2366.]
393,[2189.]
394,[2295.]
395,[2378.]
396,[2399.]
397,[1578.]
398,[1583.]
399,[2401.]
400,[2378.]
401,[1583.]
402,[1975.]
403,[2390.]
404,[1901.]
405,[1583.]
406,[2207.]
407,[2101.]
408,[1060.]
409,[2308.]
410,[2101.]
411,[307.]
412,[2390.]
413,[2098.]
414,[1578.]
415,[1583.]
416,[2389.]
417,[2329.]
418,[2471.]
419,[2439.]
420,[2395.]
421,[2437.]
422,[2416.]
423,[2404.]
424,[2398.]
425,[2397.]
426,[1713.]
427,[2398.]
428,[1245.]
429,[2103.]
430,[2477.]
431,[2346.]
432,[2378.]
433,[2429.]
434,[2442.]
435,[1649.]
436,[2389.]
437,[404.]
438,[1169.]
439,[2457.]
440,[2437.]
441,[2414.]
442,[2404.]
443,[2244.]
444,[1646.]
445,[1890.]
446,[2390.]
447,[1780.]
448,[403.]
449,[2398.]
450,[2433.]
451,[1753.]
452,[2463.]
453,[2390.]
454,[2437.]
455,[2193.]
456,[2437.]
457,[2376.]
458,[2404.]
459,[2300.]
460,[2404.]
461,[2107.]
462,[2567.]
463,[2399.]
464,[2396.]
465,[2389.]
466,[2390.]
467,[2379.]
468,[2327.]
469,[2404.]
470,[2468.]
471,[2390.]
472,[2437.]
473,[2416.]
474,[1583.]
475,[2389.]
476,[1844.]
477,[2210.]
478,[2102.]
479,[1352.]
480,[2526.]
481,[2399.]
482,[387.]
483,[2036.]
484,[2384.]
485,[2285.]
486,[2101.]
487,[427.]
488,[2015.]
489,[2346.]
490,[2173.]
491,[2070.]
492,[1592.]
493,[2098.]
494,[2387.]
495,[2207.]
496,[1172.]
497,[1311.]
498,[2383.]
499,[2401.]
500,[2390.]
501,[2437.]
502,[1770.]
503,[2437.]
504,[2398.]
505,[2102.]
506,[823.]
507,[2343.]
508,[1545.]
509,[2488.]
510,[2101.]
511,[2253.]
512,[2387.]
513,[2402.]
514,[1354.]
515,[2383.]
516,[307.]
517,[2376.]
518,[2194.]
519,[1942.]
520,[1583.]
521,[2489.]
522,[1085.]
523,[2416.]
524,[1377.]
525,[2399.]
526,[2442.]
527,[2437.]
528,[1599.]
529,[1478.]
530,[2338.]
531,[2382.]
532,[2492.]
533,[2353.]
534,[1583.]
535,[2427.]
536,[483.]
537,[2453.]
538,[2506.]
539,[2193.]
540,[1583.]
541,[2109.]
542,[2390.]
543,[1067.]
544,[2376.]
545,[2095.]
546,[2100.]
547,[2106.]
548,[2421.]
549,[2432.]
550,[2207.]
551,[2420.]
552,[930.]
553,[2397.]
554,[2470.]
555,[2235.]
556,[2403.]
557,[2098.]
558,[595.]
559,[2146.]
560,[2428.]
561,[411.]
562,[2442.]
563,[1583.]
564,[2231.]
565,[2399.]
566,[2390.]
567,[1578.]
568,[403.]
569,[1607.]
570,[2389.]
571,[2417.]
572,[2442.]
573,[1484.]
574,[2390.]
575,[715.]
576,[2101.]
577,[2367.]
578,[2200.]
579,[691.]
580,[1583.]
581,[1583.]
582,[2437.]
583,[2399.]
584,[1836.]
585,[2444.]
586,[1583.]
587,[2389.]
588,[2390.]
589,[2437.]
590,[2376.]
591,[2101.]
592,[1865.]
593,[2395.]
594,[2404.]
595,[2404.]
596,[2423.]
597,[2399.]
598,[1578.]
599,[2422.]
600,[2247.]
601,[403.]
602,[2430.]
603,[1874.]
604,[1467.]
605,[2102.]
606,[1872.]
607,[1583.]
608,[1155.]
609,[2393.]
610,[1621.]
611,[871.]
612,[1246.]
613,[2193.]
614,[2352.]
615,[2403.]
616,[307.]
617,[1474.]
618,[2191.]
619,[2084.]
620,[2379.]
621,[2364.]
622,[949.]
623,[1829.]
624,[2397.]
625,[1581.]
626,[2196.]
627,[2478.]
628,[1498.]
629,[2208.]
630,[2381.]
631,[2106.]
632,[2334.]
633,[729.]
634,[2428.]
635,[1892.]
636,[1177.]
637,[579.]
638,[2196.]
639,[904.]
640,[1583.]
641,[1583.]
642,[2327.]
643,[1106.]
644,[1987.]
645,[2390.]
646,[2438.]
647,[2184.]
648,[2106.]
649,[2390.]
650,[2295.]
651,[1770.]
652,[2437.]
653,[1670.]
654,[1770.]
655,[1496.]
656,[2445.]
657,[992.]
658,[725.]
659,[1043.]
660,[1583.]
661,[1583.]
662,[2522.]
663,[2518.]
664,[2390.]
665,[2442.]
666,[2380.]
667,[2325.]
668,[2193.]
669,[1769.]
670,[2128.]
671,[2462.]
672,[1578.]
673,[2437.]
674,[1782.]
675,[2401.]
676,[2399.]
677,[2390.]
678,[1618.]
679,[2470.]
680,[2399.]
681,[2454.]
682,[2018.]
683,[1770.]
684,[2437.]
685,[2398.]
686,[2425.]
687,[2391.]
688,[307.]
689,[1643.]
690,[2397.]
691,[2442.]
692,[1176.]
693,[1449.]
694,[1568.]
695,[2397.]
696,[1100.]
697,[2397.]
698,[2402.]
699,[1583.]
700,[2423.]
701,[1770.]
702,[307.]
703,[2367.]
704,[2437.]
705,[2173.]
706,[2390.]
707,[2058.]
708,[1663.]
709,[2437.]
710,[979.]
711,[2437.]
712,[2399.]
713,[2390.]
714,[2193.]
715,[2495.]
716,[1911.]
717,[2480.]
718,[1367.]
719,[1583.]
720,[2320.]
721,[499.]
722,[2414.]
723,[2458.]
724,[2390.]
725,[1101.]
726,[2437.]
727,[2416.]
728,[1005.]
729,[1093.]
730,[2395.]
731,[2397.]
732,[941.]
733,[2433.]
734,[2353.]
735,[2219.]
736,[2402.]
737,[2193.]
738,[1583.]
739,[974.]
740,[902.]
741,[2428.]
742,[2111.]
743,[852.]
744,[2399.]
745,[2267.]
746,[2263.]
747,[2361.]
748,[2370.]
749,[2390.]
750,[523.]
751,[1583.]
752,[499.]
753,[2399.]
754,[2023.]
755,[2404.]
756,[2399.]
757,[2397.]
758,[2437.]
759,[2399.]
760,[2390.]
761,[2368.]
762,[2243.]
763,[2365.]
764,[2414.]
765,[2076.]
766,[1746.]
767,[2007.]
768,[2386.]
769,[2106.]
770,[625.]
771,[1314.]
772,[2437.]
773,[2417.]
774,[2442.]
775,[2423.]
776,[2376.]
777,[2397.]
778,[2041.]
779,[2390.]
780,[1393.]
781,[1140.]
782,[2193.]
783,[2315.]
784,[1583.]
785,[2442.]
786,[2390.]
787,[2498.]
788,[2399.]
789,[1910.]
790,[2435.]
791,[2101.]
792,[1661.]
793,[2399.]
794,[2101.]
795,[2401.]
796,[1752.]
797,[697.]
798,[2395.]
799,[2437.]
800,[2399.]
801,[1319.]
802,[2429.]
803,[2270.]
804,[1147.]
805,[1495.]
806,[2390.]
807,[2348.]
808,[2399.]
809,[2390.]
810,[1116.]
811,[2428.]
812,[2380.]
813,[387.]
814,[2333.]
815,[2413.]
816,[2417.]
817,[2359.]
818,[2389.]
819,[511.]
820,[2376.]
821,[2284.]
822,[988.]
823,[1583.]
824,[2437.]
825,[2390.]
826,[2269.]
827,[410.]
828,[2420.]
829,[2098.]
830,[2494.]
831,[2100.]
832,[2397.]
833,[2399.]
834,[2399.]
835,[1083.]
836,[2376.]
837,[2399.]
838,[2230.]
839,[2207.]
840,[2399.]
841,[2401.]
842,[2416.]
843,[2106.]
844,[1959.]
845,[403.]
846,[2248.]
847,[2389.]
848,[2508.]
849,[2322.]
850,[1583.]
851,[2550.]
852,[2437.]
853,[1654.]
854,[2416.]
855,[1322.]
856,[2232.]
857,[1777.]
858,[2270.]
859,[2422.]
860,[2314.]
861,[1583.]
862,[2409.]
863,[1067.]
864,[1744.]
865,[2098.]
866,[2396.]
867,[2411.]
868,[2095.]
869,[906.]
870,[2425.]
871,[2234.]
872,[2416.]
873,[1732.]
874,[881.]
875,[2231.]
876,[443.]
877,[2452.]
878,[996.]
879,[1266.]
880,[2102.]
881,[2340.]
882,[1809.]
883,[1770.]
884,[1583.]
885,[2383.]
886,[2391.]
887,[2246.]
888,[2174.]
889,[2390.]
890,[722.]
891,[2442.]
892,[1583.]
893,[2399.]
894,[1390.]
895,[2084.]
896,[2104.]
897,[1203.]
898,[2270.]
899,[2390.]
900,[2368.]
901,[1583.]
902,[1085.]
903,[427.]
904,[2389.]
905,[2399.]
906,[2420.]
907,[307.]
908,[1583.]
909,[500.]
910,[1925.]
911,[2415.]
912,[2437.]
913,[1770.]
914,[2437.]
915,[2192.]
916,[2399.]
917,[2390.]
918,[953.]
919,[1729.]
920,[903.]
921,[2098.]
922,[2382.]
923,[1583.]
924,[2422.]
925,[1334.]
926,[2505.]
927,[307.]
928,[1683.]
929,[2423.]
930,[2396.]
931,[2487.]
932,[2510.]
933,[2238.]
934,[2403.]
935,[1626.]
936,[499.]
937,[2437.]
938,[2058.]
939,[2390.]
940,[2344.]
941,[2412.]
942,[1259.]
943,[2390.]
944,[2402.]
945,[1583.]
946,[2425.]
947,[2523.]
948,[2084.]
949,[2382.]
950,[2102.]
951,[307.]
952,[2443.]
953,[2109.]
954,[2390.]
955,[832.]
956,[2294.]
957,[2196.]
958,[2496.]
959,[2428.]
960,[1578.]
961,[2327.]
962,[2390.]
963,[960.]
964,[2387.]
965,[1230.]
966,[2343.]
967,[1627.]
968,[2395.]
969,[2449.]
970,[2335.]
971,[2399.]
972,[745.]
973,[2351.]
974,[1157.]
975,[1687.]
976,[2367.]
977,[2376.]
978,[2383.]
979,[2399.]
980,[443.]
981,[2239.]
982,[1578.]
983,[2432.]
984,[1777.]
985,[2346.]
986,[2279.]
987,[2401.]
988,[2428.]
989,[2437.]
990,[2193.]
991,[2416.]
992,[2376.]
993,[1045.]
994,[1957.]
995,[2046.]
996,[2390.]
997,[403.]
998,[2404.]
999,[1929.]
1000,[307.]
1001,[2567.]
1002,[803.]
1003,[2463.]
1004,[2416.]
1005,[728.]
1006,[2401.]
1007,[2436.]
1008,[2437.]
1009,[2398.]
1010,[2397.]
1011,[2009.]
1012,[977.]
1013,[1030.]
1014,[2390.]
1015,[2506.]
1016,[2395.]
1017,[1583.]
1018,[2207.]
1019,[2299.]
1020,[2101.]
1021,[2375.]
1022,[1484.]
1023,[2476.]
1024,[2464.]
1025,[2484.]
1026,[1770.]
1027,[2370.]
1028,[2399.]
1029,[2066.]
1030,[2478.]
1031,[2101.]
1032,[2486.]
1033,[2394.]
1034,[2430.]
1035,[2101.]
1036,[819.]
1037,[307.]
1038,[1578.]
1039,[1583.]
1040,[2389.]
1041,[2390.]
1042,[2098.]
1043,[2397.]
1044,[2207.]
1045,[2270.]
1046,[2399.]
1047,[1547.]
1048,[1296.]
1049,[2301.]
1050,[2380.]
1051,[307.]
1052,[2101.]
1053,[2399.]
1054,[2101.]
1055,[683.]
1056,[2416.]
1057,[1648.]
1058,[2106.]
1059,[2390.]
1060,[2098.]
1061,[2101.]
1062,[2299.]
1063,[2385.]
1064,[825.]
1065,[1770.]
1066,[2191.]
1067,[2398.]
1068,[2379.]
1069,[1853.]
1070,[2098.]
1071,[2214.]
1072,[1313.]
1073,[2503.]
1074,[2437.]
1075,[2421.]
1076,[2518.]
1077,[2398.]
1078,[691.]
1079,[2404.]
1080,[2288.]
1081,[2448.]
1082,[2454.]
1083,[2426.]
1084,[2471.]
1085,[2398.]
1086,[715.]
1087,[1626.]
1088,[2380.]
1089,[1603.]
1090,[2467.]
1091,[2098.]
1092,[2378.]
1093,[2207.]
1094,[2101.]
1095,[307.]
1096,[857.]
1097,[2381.]
1098,[307.]
1099,[2421.]
1100,[2397.]
1101,[1662.]
1102,[2329.]
1103,[499.]
1104,[2207.]
1105,[2417.]
1106,[2101.]
1107,[2102.]
1108,[2433.]
1109,[2106.]
1110,[2428.]
1111,[2437.]
1112,[691.]
1113,[403.]
1114,[1583.]
1115,[2241.]
1116,[2395.]
1117,[1619.]
1118,[2098.]
1119,[1843.]
1120,[2390.]
1121,[2437.]
1122,[2376.]
1123,[2404.]
1124,[1574.]
1125,[1500.]
1126,[736.]
1127,[1517.]
1128,[2397.]
1129,[2364.]
1130,[2378.]
1131,[2098.]
1132,[2448.]
1133,[2399.]
1134,[1521.]
1135,[1046.]
1136,[2452.]
1137,[2401.]
1138,[2390.]
1139,[2259.]
1140,[2487.]
1141,[1583.]
1142,[2389.]
1143,[2383.]
1144,[2121.]
1145,[2399.]
1146,[2389.]
1147,[2397.]
1148,[2401.]
1149,[1820.]
1150,[939.]
1151,[2399.]
1152,[1009.]
1153,[2012.]
1154,[2098.]
1155,[2507.]
1156,[2346.]
1157,[2399.]
1158,[2239.]
1159,[839.]
1160,[2390.]
1161,[2437.]
1162,[2193.]
1163,[2098.]
1164,[2383.]
1165,[530.]
1166,[2411.]
1167,[2423.]
1168,[2434.]
1169,[2390.]
1170,[2446.]
1171,[2430.]
1172,[2440.]
1173,[2399.]
1174,[2101.]
1175,[2399.]
1176,[2376.]
1177,[2197.]
1178,[2193.]
1179,[2438.]
1180,[2210.]
1181,[1583.]
1182,[2389.]
1183,[1046.]
1184,[2398.]
1185,[2238.]
1186,[1156.]
1187,[2348.]
1188,[2401.]
1189,[2399.]
1190,[2389.]
1191,[2481.]
1192,[2380.]
1193,[1144.]
1194,[2379.]
1195,[2440.]
1196,[2331.]
1197,[2437.]
1198,[2399.]
1199,[1143.]
1200,[2399.]
1201,[2381.]
1202,[2389.]
1203,[2442.]
1204,[2479.]
1205,[2428.]
1206,[2106.]
1207,[2403.]
1208,[1583.]
1209,[2389.]
1210,[2390.]
1211,[2497.]
1212,[2214.]
1213,[2437.]
1214,[2086.]
1215,[2098.]
1216,[2194.]
1217,[1219.]
1218,[1770.]
1219,[2432.]
1220,[2401.]
1221,[1714.]
1222,[2263.]
1223,[1203.]
1224,[1161.]
1225,[2425.]
1226,[1091.]
1227,[2262.]
1228,[2210.]
1229,[946.]
1230,[2397.]
1231,[2239.]
1232,[1578.]
1233,[1583.]
1234,[2207.]
1235,[1488.]
1236,[910.]
1237,[2401.]
1238,[2098.]
1239,[2106.]
1240,[2397.]
1241,[2363.]
1242,[2428.]
1243,[1748.]
1244,[2388.]
1245,[2403.]
1246,[1583.]
1247,[1990.]
1248,[1583.]
1249,[2417.]
1250,[1578.]
1251,[1583.]
1252,[2401.]
1253,[2508.]
1254,[2317.]
1255,[2399.]
1256,[914.]
1257,[1404.]
1258,[776.]
1259,[1044.]
1260,[2245.]
1261,[2176.]
1262,[1583.]
1263,[2503.]
1264,[2442.]
1265,[2461.]
1266,[2435.]
1267,[2437.]
1268,[2223.]
1269,[2400.]
1270,[1553.]
1271,[2376.]
1272,[2442.]
1273,[2098.]
1274,[2013.]
1275,[2434.]
1276,[1053.]
1277,[2210.]
1278,[1372.]
1279,[2346.]
1280,[514.]
1281,[2462.]
1282,[2225.]
1283,[1578.]
1284,[2308.]
1285,[2421.]
1286,[2493.]
1287,[1399.]
1288,[2428.]
1289,[1187.]
1290,[2443.]
1291,[2106.]
1292,[2385.]
1293,[1054.]
1294,[2295.]
1295,[387.]
1296,[1119.]
1297,[2379.]
1298,[2389.]
1299,[1796.]
1300,[2428.]
1301,[2106.]
1302,[2384.]
1303,[2394.]
1304,[2398.]
1305,[2404.]
1306,[1562.]
1307,[2193.]
1308,[1129.]
1309,[1848.]
1310,[1999.]
1311,[1226.]
1312,[2309.]
1313,[1583.]
1314,[2106.]
1315,[2310.]
1316,[2389.]
1317,[1086.]
1318,[939.]
1319,[1014.]
1320,[1368.]
1321,[2390.]
1322,[2416.]
1323,[2001.]
1324,[2395.]
1325,[1583.]
1326,[2401.]
1327,[499.]
1328,[2422.]
1329,[2389.]
1330,[2390.]
1331,[2315.]
1332,[2530.]
1333,[2481.]
1334,[2416.]
1335,[1804.]
1336,[2404.]
1337,[2399.]
1338,[2447.]
1339,[2566.]
1340,[2423.]
1341,[2098.]
1342,[2194.]
1343,[2506.]
1344,[2390.]
1345,[2098.]
1346,[2269.]
1347,[2446.]
1348,[2379.]
1349,[2140.]
1350,[1578.]
1351,[1092.]
1352,[2446.]
1353,[2131.]
1354,[2428.]
1355,[2390.]
1356,[2437.]
1357,[2446.]
1358,[1770.]
1359,[1591.]
1360,[2365.]
1361,[2371.]
1362,[2270.]
1363,[2399.]
1364,[2399.]
1365,[2207.]
1366,[2101.]
1367,[2398.]
1368,[1890.]
1369,[2210.]
1370,[2437.]
1371,[2368.]
1372,[2380.]
1373,[2053.]
1374,[2437.]
1375,[2416.]
1376,[2299.]
1377,[2207.]
1378,[2442.]
1379,[2389.]
1380,[829.]
1381,[2193.]
1382,[931.]
1383,[2429.]
1384,[2437.]
1385,[2421.]
1386,[2437.]
1387,[1803.]
1388,[1353.]
1389,[2510.]
1390,[1583.]
1391,[1047.]
1392,[1980.]
1393,[2407.]
1394,[2437.]
1395,[1622.]
1396,[2390.]
1397,[2098.]
1398,[2283.]
1399,[2401.]
1400,[403.]
1401,[2232.]
1402,[2421.]
1403,[2437.]
1404,[2428.]
1405,[1236.]
1406,[2378.]
1407,[1770.]
1408,[2404.]
1409,[2373.]
1410,[1578.]
1411,[1583.]
1412,[1782.]
1413,[307.]
1414,[2390.]
1415,[1583.]
1416,[307.]
1417,[2416.]
1418,[1583.]
1419,[2451.]
1420,[2397.]
1421,[2401.]
1422,[2390.]
1423,[1339.]
1424,[2398.]
1425,[2428.]
1426,[2427.]
1427,[2399.]
1428,[1623.]
1429,[2376.]
1430,[2404.]
1431,[2399.]
1432,[2449.]
1433,[2389.]
1434,[2399.]
1435,[2109.]
1436,[2397.]
1437,[2098.]
1438,[1796.]
1439,[2390.]
1440,[2437.]
1441,[1923.]
1442,[2063.]
1443,[2307.]
1444,[2398.]
1445,[2305.]
1446,[443.]
1447,[2117.]
1448,[2389.]
1449,[1684.]
1450,[2416.]
1451,[2380.]
1452,[2398.]
1453,[1770.]
1454,[1320.]
1455,[1019.]
1456,[710.]
1457,[2426.]
1458,[997.]
1459,[2437.]
1460,[2390.]
1461,[2437.]
1462,[1389.]
1463,[1482.]
1464,[1902.]
1465,[1583.]
1466,[1498.]
1467,[1906.]
1468,[2437.]
1469,[2428.]
1470,[2420.]
1471,[2398.]
1472,[2404.]
1473,[2389.]
1474,[2390.]
1475,[1025.]
1476,[2440.]
1477,[2507.]
1478,[2416.]
1479,[992.]
1480,[2428.]
1481,[2106.]
1482,[1426.]
1483,[2343.]
1484,[2376.]
1485,[1215.]
1486,[1192.]
1487,[2366.]
1488,[2376.]
1489,[1578.]
1490,[2437.]
1491,[2376.]
1492,[2404.]
1493,[2346.]
1494,[2399.]
1495,[923.]
1496,[1773.]
1497,[2380.]
1498,[1550.]
1499,[2193.]
1500,[2400.]
1501,[2399.]
1502,[2194.]
1503,[2101.]
1504,[1770.]
1505,[2335.]
1506,[2207.]
1507,[745.]
1508,[2189.]
1509,[2403.]
1510,[1583.]
1511,[2517.]
1512,[1821.]
1513,[2414.]
1514,[2098.]
1515,[2501.]
1516,[2101.]
1517,[2371.]
1518,[2398.]
1519,[2434.]
1520,[1854.]
1521,[2239.]
1522,[2390.]
1523,[403.]
1524,[2399.]
1525,[1578.]
1526,[2437.]
1527,[2416.]
1528,[1770.]
1529,[1770.]
1530,[2375.]
1531,[1340.]
1532,[2397.]
1533,[1607.]
1534,[2389.]
1535,[2383.]
1536,[2437.]
1537,[1605.]
1538,[2397.]
1539,[2425.]
1540,[660.]
1541,[777.]
1542,[2401.]
1543,[2465.]
1544,[2350.]
1545,[1241.]
1546,[2193.]
1547,[2348.]
1548,[2416.]
1549,[2152.]
1550,[2251.]
1551,[1583.]
1552,[2389.]
1553,[2390.]
1554,[2437.]
1555,[2387.]
1556,[1459.]
1557,[2397.]
1558,[2456.]
1559,[2399.]
1560,[1789.]
1561,[1401.]
1562,[1123.]
1563,[2390.]
1564,[1752.]
1565,[2437.]
1566,[2468.]
1567,[2146.]
1568,[2376.]
1569,[387.]
1570,[2399.]
1571,[2373.]
1572,[2397.]
1573,[579.]
1574,[1578.]
1575,[2524.]
1576,[2381.]
1577,[2539.]
1578,[2399.]
1579,[1430.]
1580,[2368.]
1581,[2390.]
1582,[2425.]
1583,[1902.]
1584,[2389.]
1585,[2397.]
1586,[2437.]
1587,[2193.]
1588,[997.]
1589,[2397.]
1590,[307.]
1591,[2397.]
1592,[2236.]
1593,[2410.]
1594,[2399.]
1595,[2390.]
1596,[1583.]
1597,[2401.]
1598,[2416.]
1599,[865.]
1600,[307.]
1601,[2210.]
1602,[2437.]
1603,[601.]
1604,[2305.]
1605,[2412.]
1606,[2416.]
1607,[1583.]
1608,[2098.]
1609,[1134.]
1610,[2399.]
1611,[2442.]
1612,[2179.]
1613,[2451.]
1614,[2437.]
1615,[1147.]
1616,[1515.]
1617,[347.]
1618,[403.]
1619,[2207.]
1620,[2404.]
1621,[2399.]
1622,[1578.]
1623,[2437.]
1624,[2210.]
1625,[2437.]
1626,[1682.]
1627,[1007.]
1628,[307.]
1629,[1252.]
1630,[1011.]
1631,[1023.]
1632,[2286.]
1633,[1517.]
1634,[1198.]
1635,[2269.]
1636,[2207.]
1637,[2402.]
1638,[2207.]
1639,[2194.]
1640,[2399.]
1641,[2442.]
1642,[2187.]
1643,[2398.]
1644,[1134.]
1645,[820.]
1646,[2416.]
1647,[2102.]
1648,[2416.]
1649,[1583.]
1650,[2401.]
1651,[2140.]
1652,[2398.]
1653,[2404.]
1654,[848.]
1655,[2389.]
1656,[2255.]
1657,[1738.]
1658,[1333.]
1659,[2495.]
1660,[2437.]
1661,[2193.]
1662,[2437.]
1663,[2193.]
1664,[1583.]
1665,[2389.]
1666,[2409.]
1667,[2098.]
1668,[2005.]
1669,[840.]
1670,[879.]
1671,[2376.]
1672,[1155.]
1673,[2395.]
1674,[2478.]
1675,[2417.]
1676,[2442.]
1677,[2389.]
1678,[2135.]
1679,[1499.]
1680,[2416.]
1681,[307.]
1682,[2398.]
1683,[2341.]
1684,[2209.]
1685,[1023.]
1686,[1596.]
1687,[2157.]
1688,[2401.]
1689,[2390.]
1690,[2370.]
1691,[2408.]
1692,[2404.]
1693,[1321.]
1694,[2485.]
1695,[2468.]
1696,[1631.]
1697,[2381.]
1698,[2098.]
1699,[2269.]
1700,[1751.]
1701,[2399.]
1702,[2395.]
1703,[2437.]
1704,[2416.]
1705,[2146.]
1706,[2333.]
1707,[2404.]
1708,[2403.]
1709,[2397.]
1710,[2098.]
1711,[2378.]
1712,[2389.]
1713,[2426.]
1714,[2397.]
1715,[1556.]
1716,[2390.]
1717,[2095.]
1718,[2380.]
1719,[2422.]
1720,[2061.]
1721,[2446.]
1722,[2376.]
1723,[2380.]
1724,[2397.]
1725,[1816.]
1726,[2422.]
1727,[1785.]
1728,[2061.]
1729,[1753.]
1730,[2384.]
1731,[2370.]
1732,[968.]
1733,[1583.]
1734,[2368.]
1735,[2455.]
1736,[1583.]
1737,[403.]
1738,[1583.]
1739,[2376.]
1740,[2422.]
1741,[871.]
1742,[2415.]
1743,[2422.]
1744,[2270.]
1745,[2433.]
1746,[2380.]
1747,[2278.]
1748,[307.]
1749,[756.]
1750,[2095.]
1751,[1369.]
1752,[1583.]
1753,[2430.]
1754,[2452.]
1755,[1583.]
1756,[489.]
1757,[1578.]
1758,[2500.]
1759,[1583.]
1760,[2303.]
1761,[2387.]
1762,[2242.]
1763,[2399.]
1764,[1674.]
1765,[581.]
1766,[307.]
1767,[1619.]
1768,[1577.]
1769,[2246.]
1770,[2417.]
1771,[2221.]
1772,[1147.]
1773,[2376.]
1774,[1676.]
1775,[2339.]
1776,[2246.]
1777,[2386.]
1778,[1346.]
1779,[2380.]
1780,[2451.]
1781,[2337.]
1782,[1924.]
1783,[819.]
1784,[1583.]
1785,[1184.]
1786,[2426.]
1787,[1777.]
1788,[1583.]
1789,[2398.]
1790,[2072.]
1791,[2150.]
1792,[2373.]
1793,[2390.]
1794,[1688.]
1795,[1777.]
1796,[1583.]
1797,[2398.]
1798,[2058.]
1799,[2426.]
1800,[1583.]
1801,[2489.]
1802,[2012.]
1803,[1407.]
1804,[2426.]
1805,[1777.]
1806,[1583.]
1807,[2518.]
1808,[1583.]
1809,[2050.]
1810,[2352.]
1811,[2414.]
1812,[1583.]
1813,[2426.]
1814,[422.]
1815,[2061.]
1816,[2435.]
1817,[1330.]
1818,[2472.]
1819,[2382.]
1820,[675.]
1821,[2095.]
1822,[443.]
1823,[2061.]
1824,[1873.]
1825,[2397.]
1826,[1052.]
1827,[2378.]
1828,[1910.]
1829,[2246.]
1830,[872.]
1831,[1129.]
1832,[2246.]
1833,[2072.]
1834,[1333.]
1835,[2376.]
1836,[486.]
1837,[2370.]
1838,[2393.]
1839,[1583.]
1840,[2150.]
1841,[1867.]
1842,[1203.]
1843,[1555.]
1844,[1078.]
1845,[2426.]
1846,[1873.]
1847,[2270.]
1848,[2382.]
1849,[2398.]
1850,[1583.]
1851,[2426.]
1852,[1583.]
1853,[2376.]
1854,[1646.]
1855,[2422.]
1856,[1176.]
1857,[1873.]
1858,[1643.]
1859,[1482.]
1860,[2397.]
1861,[2422.]
1862,[2318.]
1863,[1335.]
1864,[2426.]
1865,[1777.]
1866,[2453.]
1867,[1674.]
1868,[2259.]
1869,[2380.]
1870,[2426.]
1871,[1583.]
1872,[1674.]
1873,[307.]
1874,[2380.]
1875,[2268.]
1876,[2522.]
1877,[1777.]
1878,[2380.]
1879,[2096.]
1880,[2150.]
1881,[2095.]
1882,[2061.]
1883,[1583.]
1884,[2107.]
1885,[2376.]
1886,[2458.]
1887,[2236.]
1888,[1583.]
1889,[2443.]
1890,[2340.]
1891,[1578.]
1892,[411.]
1893,[2096.]
1894,[2150.]
1895,[2422.]
1896,[2552.]
1897,[2509.]
1898,[347.]
1899,[1544.]
1900,[2246.]
1901,[1583.]
1902,[2150.]
1903,[1769.]
1904,[2246.]
1905,[2341.]
1906,[2499.]
1907,[1544.]
1908,[2270.]
1909,[403.]
1910,[2443.]
1911,[403.]
1912,[2397.]
1913,[1616.]
1914,[2467.]
1915,[2272.]
1916,[2469.]
1917,[1027.]
1918,[1892.]
1919,[2387.]
1920,[1770.]
1921,[2497.]
1922,[2471.]
1923,[2397.]
1924,[307.]
1925,[1269.]
1926,[2364.]
1927,[2512.]
1928,[2445.]
1929,[1285.]
1930,[2471.]
1931,[1008.]
1932,[931.]
1933,[1934.]
1934,[2422.]
1935,[1674.]
1936,[2478.]
1937,[2422.]
1938,[2452.]
1939,[2416.]
1940,[2421.]
1941,[691.]
1942,[2151.]
1943,[2312.]
1944,[2095.]
1945,[2061.]
1946,[1583.]
1947,[2276.]
1948,[2378.]
1949,[2390.]
1950,[1348.]
1951,[2381.]
1952,[1583.]
1953,[2200.]
1954,[2380.]
1955,[2200.]
1956,[2381.]
1957,[2390.]
1958,[2384.]
1959,[1884.]
1960,[2061.]
1961,[2417.]
1962,[2236.]
1963,[2361.]
1964,[2061.]
1965,[421.]
1966,[1583.]
1967,[1583.]
1968,[1731.]
1969,[1583.]
1970,[2102.]
1971,[1583.]
1972,[1945.]
1973,[2199.]
1974,[1275.]
1975,[2246.]
1976,[2401.]
1977,[2396.]
1978,[403.]
1979,[2446.]
1980,[1583.]
1981,[1675.]
1982,[1941.]
1983,[499.]
1984,[993.]
1985,[2150.]
1986,[2095.]
1987,[2422.]
1988,[1583.]
1989,[2150.]
1990,[2426.]
1991,[1583.]
1992,[1708.]
1993,[2270.]
1994,[2469.]
1995,[1583.]
1996,[1520.]
1997,[1583.]
1998,[2390.]
1999,[1578.]
2000,[1233.]
